NUM,ATBAT,SCORE
1,51,12
2,40,4
3,45,9
4,38,2
5,40,4
6,43,6
7,55,22
8,48,9
9,46,6
10,40,7
11,47,13
12,46,9
13,49,13
14,48,10
15,49,13
16,37,5
17,43,6
18,45,8
19,35,3
20,41,3
21,40,1
22,45,4
23,38,5
24,47,8
25,43,2
26,40,6
27,39,4
28,41,5
29,39,7
30,38,1
31,48,7
32,42,6
33,47,7
34,48,13
35,34,1
36,46,8
37,45,5
38,44,5
39,45,11
40,38,4
41,46,7
42,41,5
43,42,9
44,39,3
45,43,7
46,42,3
47,36,2
48,45,10
49,40,9
50,37,2
51,42,4
52,48,14
53,43,8
54,46,8
55,48,9
56,39,1
57,45,8
58,38,2
59,47,9
60,45,9
61,36,5
62,38,3
63,37,4
64,38,2
65,40,2
66,41,3
67,39,4
68,43,5
69,43,7
70,45,9
71,42,7
72,41,2
73,43,10
74,37,3
75,42,7
76,40,0
77,40,3
78,39,5
79,37,5
80,38,3
81,42,3
82,37,6
83,41,6
84,36,4
85,48,10
86,50,12
87,42,6
88,49,12
89,39,3
90,43,6
91,41,7
92,34,0
93,40,5
94,42,6
95,46,7
96,40,1
97,52,13
98,49,11
99,37,2
100,42,6
101,46,9
102,40,10
103,43,5
104,53,11
105,33,1
106,34,4
107,37,2
108,34,3
109,52,11
110,39,4
111,38,3
112,53,15
113,44,3
114,35,4
115,48,13
116,37,1
117,34,2
118,42,5
119,47,9
120,47,9
121,40,4
122,42,8
123,47,4
124,37,3
125,43,2
126,45,11
127,40,2
128,36,3
129,53,17
130,42,4
131,44,8
132,42,7
133,42,9
134,42,3
135,35,0
136,34,0
137,44,6
138,41,5
139,47,7
140,50,12
141,41,7
142,40,6
143,39,5
144,41,3
145,39,2
146,50,12
147,42,7
148,48,15
149,45,8
150,43,3
151,40,3
152,38,1
153,42,3
154,46,11
155,44,8
156,44,7
157,39,2
158,43,9
159,38,3
160,47,11
161,40,3
162,40,3
163,37,4
164,41,10
165,46,8
166,39,3
167,39,4
168,41,5
169,44,8
170,29,1
171,47,5
172,46,13
173,39,4
174,41,3
175,44,5
176,49,13
177,40,3
178,45,13
179,48,3
180,53,18
181,43,1
182,52,16
183,44,9
184,39,3
185,48,13
186,54,14
187,44,7
188,41,4
189,39,1
190,40,5
191,52,10
192,35,1
193,40,6
194,42,4
195,45,6
196,39,3
197,40,6
198,43,9
199,46,8
200,48,4
201,39,4
202,40,2
203,47,7
204,40,4
205,51,13
206,38,6
207,45,12
208,34,0
209,43,8
210,40,8
211,48,8
212,35,3
213,47,9
214,43,5
215,50,12
216,38,2
217,52,15
218,43,6
219,43,5
220,39,4
221,42,6
222,48,19
223,43,4
224,56,9
225,40,3
226,39,3
227,33,1
228,45,9
229,40,4
230,45,4
231,56,21
232,44,6
233,39,1
234,51,15
235,43,5
236,48,17
237,42,5
238,51,12
239,45,8
240,45,8
241,40,2
242,40,5
243,42,1
244,37,1
245,47,9
246,37,4
247,42,8
248,47,7
249,38,4
250,46,9
251,50,8
252,40,4
253,47,11
254,42,4
255,39,3
256,36,2
257,42,9
258,47,13
259,42,5
260,51,8
261,42,5
262,45,9
263,41,3
264,35,2
265,33,3
266,43,8
267,34,3
268,39,4
269,38,2
270,40,5
271,39,5
272,48,9
273,47,9
274,57,18
275,38,5
276,48,9
277,37,4
278,38,4
279,43,7
280,36,0
281,38,3
282,43,8
283,37,2
284,48,10
285,48,11
286,36,5
287,40,4
288,45,7
289,34,1
290,50,14
291,41,5
292,43,7
293,47,5
294,48,5
295,55,14
296,43,3
297,45,4
298,44,5
299,47,9
300,38,7
301,41,9
302,35,1
303,45,8
304,39,4
305,44,7
306,37,2
307,40,2
308,40,6
309,33,1
310,40,4
311,44,10
312,48,9
313,32,1
314,34,3
315,42,10
316,53,13
317,43,2
318,48,10
319,35,1
320,35,1
321,42,6
322,49,11
323,39,1
324,45,9
325,45,6
326,45,5
327,40,5
328,44,5
329,41,7
330,43,4
331,42,6
332,46,9
333,46,10
334,48,10
335,48,9
336,35,1
337,39,5
338,44,9
339,45,6
340,46,9
341,40,1
342,41,9
343,37,0
344,43,5
345,38,4
346,46,3
347,42,6
348,48,12
349,44,6
350,41,2
351,45,4
352,42,4
353,41,4
354,42,8
355,46,6
356,45,7
357,36,1
358,38,3
359,44,4
360,44,5
361,37,4
362,37,3
363,44,8
364,38,3
365,34,0
366,42,5
367,53,16
368,43,7
369,37,1
370,48,14
371,40,6
372,37,1
373,46,9
374,36,2
375,42,11
376,41,6
377,48,13
378,37,4
379,53,13
380,42,6
381,44,8
382,43,9
383,35,2
384,38,3
385,42,4
386,35,3
387,56,19
388,39,0
389,37,2
390,40,6
391,47,14
392,52,16
393,48,8
394,41,3
395,51,10
396,41,5
397,34,4
398,45,5
399,41,4
400,43,7
401,36,4
402,48,12
403,48,13
404,51,11
405,42,5
406,49,8
407,42,5
408,42,6
409,39,7
410,43,4
411,42,8
412,44,8
413,39,2
414,38,2
415,46,6
416,43,3
417,40,5
418,56,14
419,45,10
420,39,6
421,48,12
422,37,2
423,45,11
424,50,11
425,43,9
426,45,4
427,37,4
428,47,8
429,43,3
430,38,4
431,39,1
432,46,6
433,34,2
434,44,6
435,37,3
436,38,3
437,39,3
438,45,11
439,48,12
440,36,6
441,41,5
442,45,7
443,44,4
444,49,12
445,43,8
446,47,9
447,39,4
448,45,5
449,45,9
450,40,6
451,38,3
452,34,1
453,50,12
454,40,9
455,37,3
456,45,9
457,37,3
458,44,7
459,35,1
460,38,3
461,35,1
462,43,8
463,47,7
464,42,6
465,43,10
466,41,5
467,45,11
468,37,5
469,42,3
470,47,13
471,43,7
472,44,2
473,46,10
474,38,4
475,41,4
476,42,4
477,52,14
478,40,5
479,47,16
480,47,12
481,42,4
482,40,2
483,41,7
484,47,7
485,34,3
486,50,13
487,41,7
488,45,12
489,45,6
490,44,5
491,49,8
492,47,8
493,48,8
494,42,11
495,40,5
496,54,11
497,39,3
498,48,15
499,45,10
500,38,1
501,50,10
502,34,3
503,36,2
504,36,3
505,37,4
506,43,8
507,42,5
508,47,8
509,41,7
510,43,8
511,42,6
512,40,5
513,36,3
514,36,3
515,35,2
516,47,8
517,41,4
518,45,10
519,32,2
520,45,9
521,42,2
522,45,2
523,40,7
524,42,5
525,42,7
526,37,4
527,44,7
528,41,4
529,42,7
530,37,3
531,35,1
532,42,8
533,40,1
534,38,2
535,42,9
536,35,3
537,45,10
538,49,14
539,34,1
540,46,8
541,44,6
542,45,10
543,42,3
544,37,2
545,44,9
546,36,2
547,48,8
548,51,8
549,33,0
550,50,16
551,43,8
552,41,5
553,42,5
554,51,10
555,48,13
556,56,13
557,42,6
558,44,7
559,39,0
560,45,14
561,38,3
562,36,0
563,45,6
564,40,1
565,41,4
566,44,6
567,39,6
568,44,6
569,43,7
570,39,6
571,40,7
572,41,5
573,40,5
574,38,5
575,46,6
576,49,10
577,43,7
578,46,11
579,42,4
580,42,2
581,42,7
582,48,8
583,44,9
584,37,3
585,46,9
586,43,3
587,41,8
588,43,7
589,46,8
590,41,4
591,40,10
592,46,8
593,37,5
594,48,12
595,40,5
596,41,4
597,47,8
598,37,3
599,49,14
600,42,7
601,43,6
602,45,9
603,46,8
604,45,9
605,35,3
606,39,5
607,44,4
608,35,3
609,51,14
610,44,7
611,37,4
612,42,5
613,41,5
614,48,11
615,47,6
616,44,12
617,48,10
618,48,11
619,41,6
620,50,18
621,40,8
622,38,3
623,49,7
624,42,6
625,47,9
626,42,2
627,41,5
628,43,3
629,45,12
630,35,2
631,38,2
632,38,2
633,45,6
634,42,6
635,41,6
636,38,3
637,47,11
638,41,8
639,46,5
640,43,1
641,43,5
642,44,10
643,41,7
644,51,11
645,45,5
646,43,6
647,47,8
648,41,3
649,35,1
650,34,3
651,37,3
652,52,17
653,35,5
654,40,7
655,48,13
656,37,2
657,41,3
658,41,5
659,46,5
660,52,16
661,49,12
662,39,3
663,47,9
664,42,6
665,47,6
666,55,14
667,45,9
668,35,5
669,41,2
670,39,5
671,37,3
672,39,2
673,33,3
674,41,7
675,56,14
676,40,6
677,37,2
678,51,14
679,42,6
680,37,7
681,47,5
682,47,11
683,44,3
684,41,7
685,38,6
686,43,10
687,42,8
688,47,11
689,47,11
690,41,3
691,37,5
692,41,4
693,46,8
694,39,3
695,48,12
696,62,15
697,55,15
698,41,6
699,30,1
700,51,16
701,33,2
702,46,10
703,41,6
704,51,13
705,52,13
706,40,3
707,46,4
708,41,10
709,31,0
710,39,4
711,39,4
712,39,4
713,44,3
714,46,9
715,41,4
716,48,11
717,39,7
718,51,12
719,32,0
720,42,6
721,41,5
722,40,5
723,37,3
724,37,3
725,53,14
726,45,7
727,40,2
728,40,5
729,40,4
730,48,11
731,37,5
732,44,9
733,55,15
734,37,4
735,44,6
736,48,13
737,44,3
738,44,6
739,44,7
740,49,10
741,43,8
742,34,2
743,44,8
744,32,2
745,42,9
746,43,6
747,48,12
748,39,2
749,43,6
750,39,2
751,48,8
752,36,2
753,47,9
754,42,4
755,49,10
756,41,6
757,43,8
758,39,5
759,55,11
760,37,2
761,43,10
762,47,15
763,42,2
764,39,6
765,45,7
766,40,4
767,48,10
768,32,0
769,38,5
770,43,9
771,42,8
772,48,7
773,43,6
774,40,3
775,33,2
776,36,1
777,37,6
778,39,2
779,47,8
780,42,10
781,42,8
782,50,14
783,44,7
784,44,3
785,42,9
786,42,8
787,47,11
788,42,4
789,45,7
790,40,8
791,38,3
792,47,13
793,39,2
794,37,4
795,51,10
796,42,8
797,39,1
798,48,13
799,41,2
800,46,7
801,48,7
802,37,3
803,38,3
804,47,8
805,40,2
806,35,1
807,42,8
808,41,8
809,37,0
810,45,13
811,45,6
812,44,6
813,37,0
814,46,6
815,42,10
816,46,7
817,41,6
818,42,6
819,52,15
820,51,16
821,41,6
822,32,0
823,39,5
824,42,9
825,49,13
826,44,7
827,42,8
828,48,13
829,47,9
830,41,2
831,43,4
832,36,1
833,35,3
834,37,4
835,43,8
836,43,11
837,43,3
838,43,8
839,42,11
840,38,2
841,45,7
842,38,2
843,37,6
844,38,2
845,41,2
846,45,8
847,33,1
848,45,5
849,44,10
850,32,0
851,42,4
852,39,6
853,43,9
854,42,3
855,42,6
856,38,6
857,37,4
858,55,15
859,37,4
860,48,11
861,40,5
862,44,7
863,55,15
864,46,11
865,45,5
866,38,2
867,40,1
868,43,8
869,46,8
870,46,8
871,35,0
872,42,4
873,44,10
874,52,11
875,43,5
876,38,2
877,43,3
878,38,5
879,38,6
880,38,3
881,38,3
882,48,7
883,47,11
884,48,16
885,43,5
886,48,9
887,37,2
888,39,3
889,41,4
890,43,4
891,44,7
892,44,9
893,47,8
894,40,6
895,42,8
896,39,2
897,56,18
898,56,15
899,54,12
900,50,12
901,45,8
902,38,3
903,38,5
904,44,9
905,42,3
906,43,2
907,47,10
908,42,7
909,45,11
910,41,9
911,46,9
912,43,5
913,43,9
914,42,9
915,53,15
916,45,7
917,41,3
918,42,9
919,38,3
920,43,9
921,36,3
922,38,4
923,55,19
924,41,5
925,40,3
926,44,11
927,42,6
928,38,3
929,41,3
930,39,2
931,42,3
932,53,10
933,33,3
934,49,12
935,46,7
936,41,4
937,51,12
938,42,8
939,45,9
940,43,9
941,44,12
942,41,5
943,49,9
944,43,7
945,35,1
946,43,8
947,38,4
948,39,4
949,39,5
950,40,8
951,40,6
952,42,8
953,34,2
954,51,18
955,39,4
956,41,8
957,42,5
958,47,13
959,39,6
960,43,3
961,36,3
962,41,7
963,44,8
964,37,1
965,34,1
966,45,9
967,44,5
968,41,5
969,44,7
970,49,14
971,42,5
972,45,10
973,40,6
974,47,9
975,48,13
976,40,3
977,37,4
978,44,6
979,43,7
980,38,2
981,47,8
982,39,4
983,55,17
984,40,4
985,49,14
986,40,4
987,44,10
988,39,4
989,49,9
990,37,5
991,47,13
992,44,9
993,42,7
994,39,4
995,52,10
996,51,13
997,41,5
998,50,17
999,43,2
1000,33,1
