NUM,ATBAT,SCORE
1,45,4
2,40,2
3,41,1
4,46,7
5,43,2
6,33,1
7,38,6
8,41,5
9,39,4
10,36,2
11,44,4
12,33,0
13,36,1
14,45,5
15,41,3
16,38,1
17,34,2
18,40,5
19,40,2
20,43,4
21,38,1
22,41,6
23,42,5
24,38,2
25,37,2
26,36,2
27,41,3
28,40,5
29,42,5
30,31,0
31,37,2
32,35,0
33,35,0
34,37,1
35,38,2
36,38,1
37,39,2
38,41,1
39,37,1
40,32,4
41,44,1
42,41,7
43,39,5
44,38,3
45,45,5
46,38,0
47,43,4
48,34,0
49,37,3
50,42,10
51,37,2
52,36,3
53,34,1
54,35,1
55,36,2
56,38,3
57,38,1
58,38,2
59,49,5
60,40,3
61,38,1
62,38,2
63,38,3
64,42,3
65,45,4
66,39,3
67,44,4
68,40,2
69,43,6
70,41,7
71,44,4
72,54,18
73,37,0
74,36,2
75,37,6
76,47,3
77,37,1
78,36,1
79,38,1
80,41,3
81,39,3
82,34,4
83,40,4
84,36,3
85,34,0
86,35,1
87,36,0
88,38,1
89,43,5
90,34,0
91,41,2
92,43,3
93,36,2
94,39,2
95,34,0
96,40,4
97,30,0
98,41,2
99,41,6
100,36,1
101,41,3
102,38,4
103,38,2
104,48,6
105,41,1
106,44,8
107,46,4
108,35,0
109,38,2
110,37,0
111,35,1
112,39,2
113,34,0
114,40,5
115,33,1
116,39,3
117,37,3
118,36,1
119,41,4
120,37,2
121,35,0
122,34,0
123,42,2
124,44,1
125,37,0
126,34,0
127,35,0
128,34,1
129,40,3
130,38,3
131,46,7
132,48,8
133,36,1
134,33,0
135,44,2
136,41,5
137,49,7
138,33,0
139,52,7
140,38,2
141,36,3
142,38,2
143,36,1
144,46,6
145,32,0
146,44,3
147,34,1
148,39,2
149,36,1
150,38,2
151,39,2
152,33,2
153,38,0
154,31,0
155,43,7
156,41,2
157,39,2
158,45,5
159,40,1
160,29,0
161,34,1
162,35,1
163,36,1
164,36,0
165,34,0
166,35,1
167,45,5
168,44,6
169,46,6
170,39,4
171,40,3
172,37,0
173,44,5
174,38,2
175,40,0
176,45,11
177,42,3
178,35,1
179,41,4
180,40,4
181,29,0
182,37,1
183,37,3
184,37,0
185,34,0
186,43,3
187,36,1
188,37,0
189,40,2
190,44,7
191,33,0
192,46,3
193,39,1
194,38,2
195,39,6
196,40,6
197,39,3
198,42,8
199,37,0
200,35,1
201,42,3
202,41,3
203,33,1
204,43,5
205,41,7
206,49,8
207,38,4
208,43,8
209,41,6
210,35,1
211,42,5
212,46,6
213,40,1
214,41,6
215,41,1
216,37,0
217,42,3
218,50,7
219,42,10
220,33,0
221,38,1
222,34,0
223,40,3
224,37,3
225,36,3
226,50,9
227,42,4
228,44,3
229,38,1
230,40,1
231,34,0
232,38,4
233,34,2
234,40,4
235,35,1
236,45,1
237,44,7
238,37,2
239,42,2
240,37,1
241,37,1
242,34,1
243,35,0
244,41,0
245,38,3
246,37,1
247,41,2
248,39,2
249,50,10
250,40,4
251,38,2
252,49,9
253,44,7
254,34,0
255,38,1
256,44,4
257,32,0
258,35,1
259,42,4
260,37,0
261,36,2
262,38,1
263,41,0
264,39,5
265,43,5
266,35,1
267,42,3
268,40,0
269,34,0
270,35,2
271,42,4
272,37,1
273,45,6
274,33,0
275,34,0
276,38,1
277,41,0
278,39,4
279,34,0
280,37,3
281,34,0
282,42,2
283,40,0
284,41,5
285,41,2
286,38,0
287,36,2
288,41,2
289,38,1
290,41,2
291,32,0
292,41,3
293,40,5
294,40,3
295,38,3
296,41,6
297,37,1
298,42,4
299,42,1
300,37,1
301,36,1
302,33,0
303,40,3
304,39,0
305,36,3
306,33,1
307,39,4
308,40,1
309,35,0
310,36,1
311,44,6
312,37,3
313,41,3
314,37,4
315,40,3
316,39,3
317,39,4
318,41,3
319,34,0
320,39,1
321,38,0
322,51,10
323,35,1
324,35,1
325,38,2
326,35,1
327,51,9
328,38,0
329,37,0
330,34,1
331,33,0
332,37,1
333,45,4
334,37,0
335,38,2
336,32,0
337,39,3
338,37,1
339,36,0
340,39,4
341,35,0
342,37,3
343,37,0
344,36,4
345,41,3
346,39,4
347,47,7
348,40,3
349,39,1
350,46,5
351,43,3
352,45,5
353,48,6
354,40,4
355,36,0
356,40,2
357,43,6
358,44,6
359,41,6
360,41,5
361,28,0
362,37,1
363,36,1
364,35,0
365,36,0
366,36,1
367,47,10
368,41,6
369,37,2
370,40,5
371,47,7
372,32,1
373,35,0
374,39,0
375,41,0
376,46,6
377,33,1
378,41,2
379,33,0
380,34,0
381,31,0
382,35,0
383,45,4
384,35,1
385,48,6
386,34,1
387,39,1
388,40,5
389,33,1
390,36,1
391,33,0
392,42,3
393,30,0
394,38,1
395,37,4
396,38,0
397,41,4
398,42,5
399,36,2
400,49,10
401,36,1
402,39,3
403,43,5
404,34,2
405,40,3
406,43,6
407,33,1
408,39,5
409,43,5
410,31,0
411,39,0
412,31,0
413,41,2
414,33,0
415,49,8
416,42,1
417,37,2
418,38,2
419,37,2
420,45,4
421,39,2
422,48,8
423,39,2
424,37,3
425,39,7
426,45,6
427,38,1
428,35,0
429,43,2
430,39,4
431,40,2
432,48,6
433,33,0
434,41,1
435,40,2
436,30,0
437,40,1
438,38,1
439,39,3
440,41,2
441,39,0
442,42,2
443,41,1
444,36,0
445,41,4
446,37,1
447,34,1
448,35,2
449,40,4
450,38,3
451,43,5
452,33,0
453,42,6
454,32,0
455,35,0
456,40,3
457,36,2
458,36,0
459,38,3
460,46,10
461,33,2
462,43,3
463,40,5
464,41,0
465,42,2
466,33,2
467,35,0
468,41,1
469,40,1
470,40,2
471,39,4
472,45,8
473,40,5
474,45,4
475,34,0
476,38,4
477,37,4
478,36,1
479,37,3
480,33,0
481,43,7
482,35,0
483,35,0
484,33,1
485,35,0
486,42,5
487,48,3
488,35,1
489,38,2
490,35,1
491,41,2
492,36,1
493,43,3
494,46,10
495,44,3
496,36,0
497,41,4
498,42,2
499,38,0
500,34,0
501,35,1
502,36,2
503,38,0
504,33,0
505,42,4
506,42,3
507,36,1
508,52,12
509,44,6
510,35,2
511,42,5
512,49,8
513,36,0
514,37,2
515,43,6
516,38,0
517,43,4
518,39,2
519,36,2
520,33,0
521,43,2
522,34,2
523,39,4
524,35,0
525,35,0
526,38,1
527,34,1
528,38,0
529,37,0
530,39,1
531,34,1
532,34,2
533,38,1
534,40,3
535,46,6
536,42,3
537,35,0
538,41,4
539,42,3
540,41,3
541,38,0
542,36,2
543,40,3
544,42,6
545,37,3
546,36,1
547,34,1
548,41,1
549,40,1
550,38,1
551,45,6
552,40,2
553,38,2
554,35,0
555,36,3
556,36,0
557,37,0
558,46,12
559,37,2
560,46,6
561,36,0
562,41,4
563,37,3
564,37,0
565,36,0
566,41,2
567,35,0
568,35,1
569,41,0
570,36,0
571,34,2
572,43,3
573,38,1
574,36,2
575,36,1
576,41,2
577,44,7
578,36,3
579,40,4
580,37,1
581,33,0
582,45,8
583,36,0
584,48,7
585,39,3
586,41,2
587,35,1
588,42,5
589,39,2
590,34,1
591,37,1
592,43,3
593,41,0
594,34,0
595,42,3
596,42,1
597,50,11
598,52,12
599,41,7
600,37,0
601,37,2
602,43,3
603,33,1
604,46,4
605,43,5
606,36,1
607,36,2
608,44,4
609,35,0
610,39,2
611,38,1
612,37,5
613,42,3
614,42,3
615,39,3
616,38,1
617,35,2
618,38,4
619,48,7
620,34,0
621,41,5
622,39,2
623,39,5
624,34,0
625,39,4
626,35,0
627,38,2
628,43,5
629,31,0
630,39,1
631,43,6
632,43,4
633,36,2
634,40,1
635,41,9
636,50,5
637,37,2
638,37,3
639,41,3
640,38,2
641,42,4
642,39,3
643,32,0
644,37,0
645,32,1
646,38,2
647,37,0
648,33,1
649,37,1
650,37,0
651,39,2
652,37,2
653,33,0
654,37,1
655,42,3
656,44,3
657,40,3
658,37,2
659,45,5
660,44,0
661,40,4
662,39,3
663,38,0
664,36,1
665,43,7
666,40,3
667,40,2
668,42,5
669,42,2
670,39,0
671,36,4
672,46,4
673,32,0
674,33,1
675,41,4
676,31,0
677,41,2
678,36,0
679,37,0
680,40,3
681,35,0
682,46,7
683,33,3
684,29,0
685,37,3
686,40,3
687,35,0
688,36,0
689,44,5
690,40,2
691,47,7
692,41,5
693,40,4
694,50,10
695,39,3
696,37,4
697,43,6
698,55,16
699,50,8
700,42,4
701,45,5
702,38,2
703,41,8
704,41,5
705,44,4
706,37,3
707,29,0
708,43,5
709,38,1
710,37,5
711,42,6
712,31,1
713,41,3
714,38,0
715,40,4
716,35,2
717,40,0
718,42,6
719,34,3
720,37,1
721,38,0
722,40,5
723,31,0
724,37,0
725,40,0
726,38,1
727,36,0
728,35,0
729,38,1
730,37,2
731,40,4
732,40,2
733,42,8
734,37,1
735,39,3
736,39,6
737,43,2
738,39,7
739,38,3
740,36,0
741,37,2
742,44,7
743,34,0
744,41,6
745,38,6
746,40,2
747,34,1
748,44,5
749,37,1
750,37,1
751,36,3
752,37,2
753,36,0
754,31,0
755,48,9
756,42,5
757,40,3
758,50,7
759,44,1
760,38,1
761,37,4
762,44,5
763,51,8
764,31,0
765,39,4
766,45,5
767,37,2
768,35,0
769,36,1
770,45,7
771,36,2
772,39,0
773,41,3
774,43,6
775,43,3
776,43,5
777,50,6
778,34,0
779,37,0
780,34,1
781,42,5
782,34,0
783,33,0
784,41,3
785,44,4
786,43,1
787,44,6
788,39,1
789,44,7
790,41,5
791,35,2
792,35,0
793,44,7
794,37,0
795,37,0
796,42,4
797,40,3
798,40,3
799,38,2
800,43,4
801,43,2
802,38,4
803,36,0
804,36,1
805,43,7
806,41,2
807,41,2
808,39,1
809,44,6
810,38,2
811,42,3
812,46,9
813,45,4
814,38,2
815,39,3
816,45,6
817,38,4
818,38,2
819,35,0
820,35,4
821,36,2
822,34,1
823,37,1
824,41,3
825,39,4
826,31,0
827,37,1
828,44,4
829,35,1
830,43,6
831,35,1
832,33,1
833,43,7
834,46,12
835,39,1
836,42,3
837,36,1
838,38,3
839,40,2
840,40,2
841,44,5
842,38,2
843,30,0
844,42,5
845,32,0
846,34,1
847,40,1
848,36,1
849,41,1
850,37,1
851,44,3
852,38,4
853,45,5
854,41,5
855,36,1
856,50,12
857,39,1
858,43,4
859,36,1
860,41,2
861,40,4
862,35,2
863,38,3
864,40,2
865,40,1
866,32,1
867,52,10
868,36,0
869,35,1
870,35,0
871,36,2
872,37,2
873,38,1
874,39,1
875,44,3
876,42,7
877,38,3
878,37,0
879,43,5
880,34,2
881,40,3
882,39,1
883,35,0
884,38,1
885,36,3
886,33,1
887,42,2
888,36,3
889,37,4
890,41,5
891,37,0
892,41,2
893,39,4
894,39,1
895,45,1
896,45,5
897,42,5
898,33,1
899,37,1
900,38,3
901,37,1
902,39,1
903,48,9
904,41,7
905,45,3
906,35,1
907,44,8
908,39,2
909,45,4
910,46,7
911,35,2
912,38,3
913,37,3
914,39,1
915,44,5
916,35,0
917,36,1
918,44,3
919,39,0
920,35,1
921,39,2
922,42,2
923,38,4
924,38,4
925,34,1
926,34,0
927,40,5
928,41,5
929,34,1
930,39,1
931,39,3
932,34,1
933,33,0
934,50,5
935,34,0
936,48,7
937,43,5
938,38,1
939,43,3
940,40,4
941,44,4
942,41,2
943,45,5
944,42,4
945,36,1
946,46,2
947,41,6
948,45,6
949,43,4
950,38,2
951,40,6
952,42,4
953,35,0
954,38,2
955,39,2
956,44,7
957,45,4
958,41,3
959,46,6
960,48,9
961,45,8
962,41,5
963,39,5
964,35,0
965,39,3
966,42,2
967,39,2
968,38,3
969,33,0
970,39,1
971,31,0
972,34,0
973,39,0
974,38,4
975,43,6
976,39,1
977,38,5
978,32,3
979,46,5
980,41,5
981,45,7
982,31,1
983,45,7
984,47,6
985,33,0
986,39,2
987,34,0
988,43,4
989,41,4
990,40,1
991,38,3
992,32,0
993,34,2
994,38,2
995,42,4
996,41,6
997,36,3
998,34,1
999,50,8
1000,50,7
