NUM,ATBAT,SCORE
1,42,2
2,40,2
3,50,10
4,41,4
5,43,4
6,40,0
7,41,3
8,41,3
9,41,2
10,47,9
11,47,6
12,41,4
13,48,7
14,46,4
15,47,3
16,46,5
17,50,9
18,43,6
19,39,0
20,44,2
21,39,2
22,40,2
23,40,2
24,42,2
25,41,5
26,37,0
27,46,4
28,37,3
29,41,2
30,47,10
31,44,7
32,37,1
33,36,1
34,32,1
35,50,9
36,38,1
37,41,6
38,35,0
39,39,4
40,48,4
41,50,9
42,48,6
43,44,2
44,46,7
45,42,1
46,47,10
47,47,7
48,47,8
49,40,1
50,56,10
51,41,4
52,42,4
53,41,3
54,34,0
55,48,5
56,40,2
57,55,14
58,52,14
59,57,15
60,57,13
61,47,5
62,44,5
63,48,13
64,51,12
65,46,6
66,44,7
67,48,8
68,50,9
69,44,4
70,41,3
71,48,9
72,42,5
73,42,0
74,38,3
75,39,4
76,45,7
77,51,11
78,43,6
79,44,5
80,40,5
81,42,4
82,49,6
83,35,1
84,43,3
85,49,10
86,38,1
87,34,0
88,32,1
89,44,3
90,39,0
91,55,15
92,47,9
93,36,1
94,47,3
95,43,2
96,40,1
97,46,10
98,31,1
99,38,1
100,48,9
101,47,5
102,44,5
103,47,5
104,44,4
105,44,3
106,48,9
107,39,2
108,40,5
109,54,10
110,52,12
111,38,4
112,39,0
113,35,1
114,44,7
115,63,15
116,38,0
117,51,8
118,50,9
119,43,7
120,46,4
121,36,0
122,37,1
123,53,11
124,41,1
125,41,3
126,57,11
127,37,2
128,38,3
129,41,3
130,42,6
131,47,5
132,58,17
133,36,1
134,39,1
135,50,9
136,38,3
137,40,2
138,41,2
139,34,0
140,52,11
141,43,3
142,45,5
143,47,6
144,43,4
145,43,3
146,38,3
147,61,19
148,52,13
149,38,4
150,39,2
151,50,11
152,43,2
153,40,1
154,44,5
155,42,3
156,42,3
157,45,8
158,43,7
159,42,4
160,46,4
161,45,4
162,51,10
163,41,3
164,47,6
165,51,7
166,38,6
167,33,0
168,52,13
169,50,6
170,34,0
171,52,9
172,49,7
173,46,4
174,46,6
175,40,3
176,48,10
177,41,3
178,49,9
179,59,16
180,48,4
181,40,4
182,42,4
183,37,1
184,42,1
185,42,2
186,38,4
187,49,12
188,46,7
189,41,5
190,40,2
191,45,7
192,36,1
193,49,10
194,50,10
195,43,4
196,45,4
197,52,8
198,43,9
199,42,7
200,42,3
201,48,5
202,54,14
203,44,2
204,45,3
205,39,4
206,45,6
207,39,1
208,42,6
209,45,10
210,40,3
211,46,7
212,51,9
213,44,5
214,45,4
215,39,6
216,43,7
217,37,4
218,46,5
219,41,1
220,38,1
221,41,4
222,48,7
223,41,3
224,37,2
225,36,0
226,47,7
227,46,7
228,40,7
229,51,14
230,36,1
231,48,9
232,40,3
233,35,2
234,53,11
235,39,1
236,34,0
237,40,4
238,44,8
239,48,6
240,43,1
241,41,1
242,39,3
243,51,11
244,39,3
245,44,2
246,43,4
247,43,4
248,37,3
249,43,5
250,40,6
251,44,4
252,52,12
253,43,5
254,42,5
255,42,4
256,40,4
257,40,6
258,43,4
259,40,2
260,40,3
261,41,1
262,53,10
263,51,7
264,40,7
265,37,4
266,39,1
267,42,5
268,49,6
269,47,4
270,45,7
271,50,9
272,50,6
273,49,9
274,38,1
275,44,6
276,44,2
277,36,3
278,45,6
279,39,2
280,40,8
281,48,8
282,47,6
283,39,2
284,47,6
285,43,5
286,35,0
287,36,1
288,33,1
289,61,15
290,40,1
291,38,3
292,43,6
293,47,7
294,50,7
295,37,0
296,46,8
297,44,6
298,44,6
299,43,1
300,53,11
301,39,2
302,42,3
303,44,5
304,38,2
305,54,11
306,38,4
307,46,6
308,45,5
309,46,5
310,47,5
311,47,8
312,50,6
313,52,13
314,49,6
315,46,5
316,43,5
317,47,5
318,50,7
319,50,10
320,52,11
321,34,0
322,46,8
323,47,6
324,54,10
325,47,7
326,45,9
327,36,0
328,48,7
329,43,7
330,44,2
331,47,6
332,42,8
333,44,8
334,38,0
335,38,4
336,47,7
337,53,7
338,48,9
339,47,3
340,42,2
341,36,1
342,43,9
343,54,10
344,37,1
345,46,6
346,46,7
347,46,11
348,46,4
349,41,1
350,42,4
351,44,3
352,38,1
353,49,10
354,47,11
355,37,1
356,48,9
357,41,4
358,43,4
359,41,3
360,44,3
361,40,2
362,44,2
363,44,8
364,46,4
365,37,3
366,39,1
367,45,5
368,42,2
369,38,5
370,51,9
371,43,3
372,38,0
373,48,9
374,39,3
375,43,5
376,48,6
377,45,8
378,34,0
379,49,7
380,44,4
381,47,6
382,38,3
383,41,1
384,49,6
385,45,4
386,44,6
387,42,3
388,50,9
389,46,6
390,43,2
391,58,13
392,41,7
393,42,2
394,39,4
395,52,10
396,54,16
397,38,2
398,49,11
399,47,7
400,51,8
401,42,7
402,49,7
403,49,10
404,45,8
405,38,3
406,48,9
407,50,7
408,40,0
409,42,5
410,49,6
411,47,10
412,45,7
413,45,5
414,49,9
415,49,5
416,43,4
417,45,4
418,47,7
419,46,5
420,49,8
421,48,7
422,45,2
423,43,4
424,41,3
425,35,1
426,51,11
427,40,3
428,44,5
429,39,0
430,41,1
431,46,12
432,44,3
433,36,3
434,45,4
435,51,12
436,47,7
437,47,3
438,55,14
439,48,8
440,40,6
441,40,4
442,52,12
443,48,8
444,39,2
445,43,4
446,41,2
447,37,3
448,47,4
449,55,13
450,37,1
451,39,4
452,43,6
453,47,8
454,41,5
455,45,9
456,46,4
457,39,1
458,50,9
459,43,2
460,40,0
461,38,2
462,48,8
463,52,7
464,40,2
465,53,10
466,39,3
467,46,9
468,54,10
469,40,2
470,42,5
471,44,5
472,44,5
473,35,0
474,36,0
475,39,1
476,39,4
477,36,2
478,49,13
479,61,17
480,41,3
481,54,8
482,42,5
483,38,1
484,44,8
485,43,4
486,57,10
487,44,3
488,37,0
489,47,9
490,41,5
491,54,10
492,36,0
493,43,5
494,41,2
495,40,2
496,44,3
497,46,4
498,37,0
499,43,5
500,47,5
501,54,7
502,41,4
503,43,4
504,42,6
505,49,10
506,39,3
507,41,2
508,52,10
509,44,4
510,47,4
511,44,5
512,45,3
513,46,10
514,37,0
515,48,10
516,40,4
517,43,1
518,49,4
519,44,6
520,49,10
521,53,11
522,42,4
523,41,6
524,50,10
525,43,4
526,41,6
527,42,2
528,44,3
529,44,6
530,49,8
531,46,3
532,39,2
533,46,8
534,38,1
535,35,1
536,48,5
537,51,7
538,44,5
539,45,3
540,47,8
541,45,4
542,49,10
543,40,4
544,46,4
545,40,4
546,46,7
547,40,1
548,38,2
549,40,1
550,41,1
551,38,3
552,49,13
553,48,8
554,46,6
555,46,5
556,51,11
557,51,8
558,52,7
559,48,5
560,45,3
561,55,16
562,52,15
563,48,10
564,40,3
565,39,2
566,47,8
567,35,0
568,38,0
569,43,4
570,41,3
571,44,6
572,46,8
573,49,6
574,47,4
575,55,15
576,39,2
577,44,2
578,48,5
579,52,9
580,45,3
581,39,1
582,48,6
583,51,8
584,49,7
585,44,6
586,37,3
587,51,9
588,46,8
589,41,4
590,51,12
591,49,11
592,42,1
593,40,5
594,40,3
595,47,5
596,46,7
597,49,6
598,40,4
599,41,3
600,47,6
601,50,14
602,42,5
603,40,3
604,39,1
605,44,5
606,43,3
607,46,8
608,40,3
609,40,5
610,48,9
611,40,4
612,45,10
613,48,9
614,42,4
615,43,8
616,37,3
617,41,2
618,41,4
619,55,17
620,45,3
621,45,6
622,49,11
623,44,3
624,45,3
625,36,2
626,47,9
627,45,3
628,33,0
629,39,0
630,40,4
631,39,3
632,43,5
633,43,3
634,43,0
635,38,3
636,37,0
637,52,9
638,39,5
639,42,3
640,42,2
641,44,6
642,40,2
643,44,7
644,49,9
645,38,1
646,41,3
647,40,1
648,50,10
649,45,4
650,45,6
651,35,1
652,46,8
653,44,4
654,47,6
655,43,2
656,48,11
657,40,3
658,39,5
659,45,5
660,52,10
661,42,2
662,49,9
663,47,8
664,52,11
665,46,5
666,51,12
667,48,7
668,37,3
669,39,3
670,44,1
671,39,4
672,47,5
673,40,1
674,51,9
675,42,5
676,51,12
677,38,5
678,42,2
679,35,4
680,42,0
681,39,3
682,41,4
683,43,7
684,43,5
685,45,6
686,45,3
687,47,6
688,43,7
689,33,0
690,46,4
691,51,13
692,44,5
693,47,8
694,47,6
695,43,7
696,45,5
697,45,5
698,37,0
699,52,9
700,46,4
701,44,6
702,38,1
703,38,4
704,46,7
705,51,9
706,38,2
707,41,2
708,40,3
709,43,6
710,47,5
711,38,1
712,34,1
713,40,3
714,44,3
715,48,4
716,41,6
717,52,11
718,36,0
719,50,7
720,48,7
721,39,3
722,40,5
723,41,2
724,42,1
725,46,5
726,39,1
727,45,5
728,45,5
729,42,5
730,49,6
731,41,4
732,39,3
733,38,2
734,54,14
735,48,8
736,43,7
737,57,18
738,41,6
739,58,14
740,41,4
741,45,6
742,42,4
743,36,3
744,43,1
745,39,2
746,48,6
747,58,18
748,43,2
749,46,3
750,37,1
751,52,10
752,56,12
753,47,9
754,46,11
755,44,4
756,44,5
757,44,3
758,41,6
759,47,8
760,46,5
761,39,2
762,40,1
763,46,4
764,42,5
765,37,3
766,39,2
767,52,11
768,43,4
769,39,2
770,65,24
771,43,6
772,44,2
773,42,8
774,40,5
775,46,4
776,38,2
777,56,13
778,38,2
779,45,6
780,37,2
781,49,8
782,44,3
783,39,2
784,37,1
785,36,0
786,46,9
787,53,13
788,41,3
789,48,9
790,53,11
791,41,5
792,38,0
793,47,7
794,51,5
795,45,4
796,48,6
797,44,4
798,39,6
799,47,10
800,34,2
801,42,4
802,48,5
803,45,5
804,35,0
805,35,0
806,42,11
807,53,12
808,50,8
809,39,3
810,48,7
811,40,3
812,45,5
813,36,3
814,46,6
815,46,7
816,46,5
817,42,4
818,45,8
819,51,6
820,44,4
821,46,7
822,51,8
823,38,4
824,42,5
825,46,4
826,48,7
827,41,1
828,39,1
829,40,0
830,40,2
831,45,4
832,41,4
833,40,4
834,51,8
835,39,1
836,46,5
837,41,1
838,44,5
839,42,6
840,40,5
841,35,2
842,40,2
843,42,9
844,37,3
845,40,2
846,46,7
847,44,2
848,40,2
849,52,8
850,40,2
851,40,3
852,41,2
853,40,2
854,44,6
855,47,8
856,42,2
857,39,4
858,48,8
859,53,11
860,44,6
861,35,3
862,48,10
863,45,8
864,38,3
865,44,8
866,44,5
867,49,6
868,48,4
869,40,4
870,39,2
871,44,8
872,42,2
873,40,5
874,43,5
875,41,2
876,43,3
877,37,2
878,38,3
879,48,8
880,33,0
881,44,8
882,45,4
883,41,5
884,38,2
885,49,7
886,47,6
887,45,5
888,47,8
889,41,7
890,41,3
891,48,8
892,41,9
893,37,3
894,38,2
895,35,0
896,44,3
897,45,5
898,38,1
899,42,0
900,42,3
901,54,10
902,35,0
903,47,8
904,44,2
905,39,2
906,35,1
907,48,10
908,42,6
909,45,4
910,39,3
911,40,0
912,40,4
913,38,1
914,39,1
915,39,4
916,38,3
917,38,0
918,35,1
919,37,2
920,44,12
921,47,2
922,44,4
923,47,6
924,44,4
925,37,1
926,35,0
927,47,6
928,49,10
929,43,3
930,55,13
931,43,4
932,53,16
933,47,6
934,44,4
935,44,4
936,45,7
937,45,3
938,44,8
939,39,2
940,60,13
941,39,3
942,41,4
943,44,1
944,46,7
945,47,9
946,52,9
947,49,8
948,40,5
949,43,3
950,45,4
951,50,7
952,52,10
953,50,10
954,42,2
955,45,3
956,43,1
957,55,13
958,41,4
959,41,2
960,40,1
961,45,6
962,46,10
963,38,3
964,47,5
965,39,0
966,37,4
967,48,5
968,44,2
969,43,2
970,36,2
971,46,8
972,47,8
973,43,5
974,38,3
975,41,3
976,45,7
977,42,8
978,42,2
979,44,3
980,40,3
981,43,5
982,48,3
983,43,7
984,47,7
985,36,4
986,50,6
987,33,1
988,50,10
989,44,2
990,45,3
991,34,1
992,47,4
993,45,7
994,44,4
995,49,9
996,48,11
997,40,2
998,43,3
999,45,5
1000,41,2
