NUM,ATBAT,SCORE
1,41,6
2,41,4
3,42,2
4,44,6
5,36,3
6,41,9
7,44,5
8,39,0
9,40,5
10,37,5
11,43,5
12,43,8
13,51,12
14,38,3
15,44,5
16,41,5
17,41,7
18,46,7
19,40,4
20,40,8
21,34,0
22,42,4
23,44,5
24,49,10
25,40,2
26,47,10
27,40,4
28,44,8
29,33,1
30,35,0
31,41,6
32,37,5
33,39,4
34,44,8
35,37,1
36,43,7
37,39,2
38,38,3
39,43,10
40,37,4
41,40,5
42,48,11
43,35,2
44,38,3
45,39,3
46,41,4
47,40,5
48,48,12
49,35,1
50,44,6
51,43,11
52,39,2
53,37,2
54,40,6
55,49,11
56,39,0
57,51,12
58,43,4
59,32,0
60,45,6
61,37,3
62,33,1
63,39,4
64,41,5
65,33,0
66,45,5
67,42,5
68,48,8
69,37,2
70,43,4
71,45,10
72,44,8
73,37,2
74,40,3
75,42,2
76,47,10
77,39,6
78,46,10
79,44,6
80,46,6
81,38,0
82,46,4
83,33,1
84,46,6
85,35,3
86,42,5
87,35,1
88,43,12
89,45,3
90,39,3
91,44,3
92,37,4
93,44,5
94,41,8
95,38,2
96,35,0
97,34,4
98,41,5
99,35,1
100,34,0
101,43,6
102,49,14
103,32,3
104,61,18
105,40,6
106,40,2
107,38,2
108,39,3
109,39,3
110,41,6
111,45,10
112,43,7
113,40,3
114,37,4
115,39,3
116,33,1
117,35,2
118,41,1
119,29,0
120,39,8
121,39,4
122,41,4
123,39,3
124,40,4
125,52,9
126,45,5
127,39,8
128,40,2
129,40,4
130,44,9
131,38,7
132,38,3
133,53,13
134,37,0
135,45,10
136,62,18
137,39,8
138,48,12
139,38,2
140,41,9
141,40,3
142,46,12
143,39,3
144,42,5
145,41,1
146,36,2
147,42,4
148,37,1
149,50,16
150,44,8
151,42,5
152,44,8
153,46,10
154,42,7
155,46,5
156,50,10
157,39,4
158,46,9
159,47,9
160,46,7
161,41,7
162,39,1
163,41,6
164,39,6
165,46,7
166,31,0
167,38,5
168,40,5
169,45,11
170,39,4
171,37,5
172,38,3
173,34,1
174,37,4
175,51,11
176,38,4
177,40,5
178,39,7
179,39,5
180,35,2
181,44,8
182,49,7
183,55,11
184,47,8
185,44,6
186,36,1
187,34,3
188,40,8
189,30,0
190,37,2
191,43,7
192,37,1
193,43,7
194,41,2
195,44,4
196,35,0
197,46,8
198,43,5
199,36,4
200,52,15
201,35,2
202,37,1
203,38,4
204,43,2
205,54,11
206,43,3
207,41,4
208,44,9
209,43,8
210,46,9
211,39,3
212,45,9
213,39,4
214,39,2
215,44,6
216,43,7
217,40,3
218,36,2
219,50,8
220,38,4
221,42,1
222,45,9
223,40,3
224,41,5
225,45,9
226,38,0
227,37,2
228,40,0
229,44,5
230,38,3
231,40,6
232,49,8
233,39,2
234,43,4
235,43,4
236,38,6
237,39,7
238,40,2
239,37,1
240,49,12
241,40,4
242,46,8
243,47,5
244,40,5
245,38,3
246,40,6
247,42,9
248,43,8
249,43,4
250,47,10
251,36,5
252,39,1
253,46,7
254,44,9
255,36,0
256,45,9
257,35,2
258,33,0
259,37,2
260,44,9
261,46,7
262,37,0
263,38,0
264,55,18
265,36,2
266,46,7
267,52,10
268,41,5
269,40,3
270,41,3
271,36,3
272,32,0
273,48,14
274,50,9
275,43,4
276,36,5
277,42,5
278,35,2
279,49,12
280,42,3
281,44,7
282,42,8
283,44,10
284,47,9
285,41,5
286,42,3
287,38,3
288,37,3
289,47,8
290,41,5
291,42,6
292,42,6
293,45,8
294,39,2
295,45,5
296,46,7
297,42,6
298,43,4
299,35,3
300,46,6
301,35,0
302,41,2
303,44,7
304,37,1
305,38,5
306,35,1
307,45,6
308,38,1
309,52,11
310,47,10
311,43,9
312,53,11
313,42,7
314,36,4
315,55,13
316,39,1
317,49,7
318,40,2
319,40,2
320,38,1
321,41,5
322,39,2
323,47,12
324,39,8
325,42,7
326,35,0
327,38,3
328,42,5
329,39,4
330,37,6
331,42,6
332,40,7
333,38,3
334,43,6
335,43,8
336,33,0
337,42,10
338,34,3
339,37,0
340,37,4
341,32,0
342,38,5
343,38,5
344,54,12
345,42,6
346,43,6
347,37,1
348,41,6
349,39,2
350,32,1
351,38,4
352,43,1
353,39,0
354,38,2
355,42,9
356,35,2
357,37,1
358,39,2
359,42,6
360,36,4
361,47,13
362,39,4
363,41,3
364,46,10
365,42,2
366,49,12
367,43,5
368,39,6
369,34,4
370,48,7
371,44,8
372,37,1
373,53,8
374,46,7
375,36,0
376,45,5
377,38,2
378,36,4
379,46,7
380,32,0
381,46,5
382,44,8
383,39,0
384,43,8
385,45,6
386,33,1
387,39,5
388,41,8
389,38,5
390,44,5
391,42,7
392,37,0
393,44,7
394,38,1
395,47,7
396,53,12
397,40,3
398,46,8
399,47,5
400,37,3
401,41,3
402,36,1
403,39,3
404,45,7
405,44,6
406,39,6
407,53,8
408,34,0
409,42,5
410,38,1
411,43,1
412,43,8
413,37,0
414,49,8
415,46,6
416,40,6
417,39,3
418,39,4
419,41,6
420,37,3
421,44,7
422,42,5
423,39,1
424,50,11
425,41,2
426,42,5
427,48,11
428,40,2
429,46,9
430,47,8
431,48,7
432,36,2
433,36,1
434,39,2
435,43,7
436,49,9
437,35,2
438,36,1
439,39,5
440,48,6
441,36,2
442,41,5
443,45,6
444,47,11
445,39,4
446,41,5
447,40,3
448,41,4
449,46,7
450,42,9
451,47,14
452,42,6
453,43,9
454,37,2
455,50,10
456,45,6
457,50,11
458,40,5
459,37,4
460,37,0
461,45,2
462,44,6
463,46,9
464,56,21
465,48,12
466,40,3
467,40,3
468,46,9
469,38,2
470,39,5
471,43,5
472,39,4
473,36,2
474,39,7
475,40,8
476,39,2
477,42,5
478,45,6
479,44,9
480,40,2
481,50,9
482,51,13
483,45,7
484,45,4
485,44,5
486,44,4
487,50,10
488,45,8
489,36,3
490,37,6
491,39,3
492,40,6
493,44,8
494,36,1
495,46,9
496,44,6
497,47,7
498,38,3
499,40,5
500,41,3
501,51,14
502,44,6
503,38,2
504,38,5
505,43,6
506,46,10
507,45,8
508,42,6
509,50,9
510,41,4
511,35,2
512,37,1
513,41,6
514,39,0
515,40,1
516,37,1
517,46,11
518,50,8
519,43,4
520,46,8
521,42,5
522,39,5
523,34,0
524,47,7
525,44,8
526,41,3
527,38,4
528,39,4
529,48,6
530,44,3
531,39,2
532,46,7
533,42,4
534,43,7
535,36,2
536,36,1
537,48,7
538,34,5
539,42,8
540,44,6
541,36,4
542,36,3
543,44,8
544,34,3
545,40,4
546,40,1
547,42,1
548,41,5
549,43,8
550,45,9
551,41,5
552,38,5
553,41,2
554,37,0
555,40,3
556,41,4
557,47,12
558,44,6
559,42,4
560,40,4
561,40,2
562,35,1
563,46,6
564,46,8
565,47,4
566,41,4
567,43,3
568,45,6
569,38,4
570,35,0
571,39,3
572,45,5
573,46,9
574,47,8
575,51,14
576,42,5
577,44,8
578,39,6
579,39,2
580,34,1
581,54,12
582,58,19
583,34,1
584,45,7
585,52,8
586,38,4
587,42,8
588,41,8
589,34,2
590,47,9
591,42,5
592,39,0
593,48,9
594,38,4
595,45,7
596,52,12
597,40,4
598,43,0
599,41,3
600,43,1
601,43,7
602,35,2
603,46,11
604,40,5
605,55,15
606,39,5
607,37,1
608,34,0
609,37,2
610,37,6
611,41,5
612,43,7
613,45,7
614,45,6
615,39,9
616,44,7
617,38,3
618,40,2
619,47,11
620,36,3
621,44,2
622,38,6
623,39,2
624,44,4
625,38,3
626,40,4
627,42,8
628,40,5
629,38,0
630,40,7
631,48,12
632,40,6
633,40,6
634,44,6
635,41,4
636,36,2
637,37,3
638,40,3
639,42,3
640,45,11
641,38,4
642,38,3
643,36,4
644,36,3
645,37,2
646,44,3
647,40,2
648,39,5
649,40,3
650,46,8
651,43,3
652,44,7
653,47,6
654,45,6
655,38,2
656,33,0
657,40,5
658,36,3
659,42,5
660,41,6
661,49,10
662,39,6
663,38,3
664,40,8
665,33,2
666,44,10
667,38,4
668,45,7
669,35,3
670,49,15
671,37,3
672,39,7
673,37,5
674,36,2
675,39,3
676,36,0
677,48,6
678,37,4
679,30,1
680,39,9
681,39,5
682,39,6
683,43,6
684,38,2
685,44,6
686,46,5
687,46,10
688,38,5
689,39,4
690,36,1
691,39,2
692,51,14
693,38,3
694,46,10
695,36,0
696,43,3
697,42,8
698,41,4
699,45,11
700,41,7
701,40,5
702,43,3
703,39,4
704,49,9
705,45,8
706,46,6
707,47,13
708,38,5
709,38,1
710,48,8
711,36,2
712,49,15
713,42,8
714,38,3
715,37,0
716,34,1
717,39,0
718,47,9
719,43,6
720,48,8
721,40,7
722,53,13
723,40,3
724,48,12
725,38,2
726,35,3
727,41,5
728,48,8
729,41,4
730,41,3
731,42,6
732,37,1
733,39,2
734,45,6
735,37,4
736,40,2
737,50,6
738,38,0
739,39,5
740,42,4
741,46,12
742,52,13
743,36,6
744,41,5
745,42,4
746,48,8
747,46,7
748,41,2
749,39,7
750,34,4
751,49,11
752,41,6
753,43,8
754,44,10
755,40,3
756,34,0
757,39,3
758,46,7
759,41,2
760,41,4
761,46,7
762,40,5
763,38,1
764,47,10
765,40,3
766,37,2
767,41,7
768,36,2
769,38,4
770,36,1
771,36,3
772,33,0
773,41,5
774,43,9
775,58,13
776,41,6
777,35,2
778,44,11
779,43,12
780,36,0
781,46,6
782,45,8
783,42,3
784,45,7
785,33,4
786,51,5
787,40,7
788,42,6
789,34,1
790,37,2
791,48,8
792,33,1
793,38,3
794,42,6
795,39,7
796,32,2
797,48,7
798,42,7
799,36,1
800,45,9
801,38,0
802,44,7
803,44,5
804,39,3
805,34,1
806,37,5
807,45,4
808,36,2
809,44,5
810,49,12
811,46,13
812,37,3
813,41,4
814,42,4
815,40,3
816,35,0
817,40,2
818,37,3
819,31,0
820,42,6
821,44,1
822,41,1
823,43,5
824,46,9
825,40,3
826,42,3
827,46,9
828,49,9
829,44,4
830,42,6
831,38,0
832,35,3
833,43,6
834,40,2
835,38,5
836,38,2
837,45,10
838,41,1
839,55,17
840,43,6
841,44,7
842,39,2
843,44,11
844,43,11
845,45,7
846,44,8
847,41,5
848,42,5
849,43,5
850,44,12
851,44,6
852,39,4
853,38,0
854,38,3
855,45,4
856,42,4
857,35,2
858,49,6
859,32,1
860,40,4
861,39,5
862,47,5
863,35,2
864,47,9
865,41,4
866,31,1
867,40,3
868,38,6
869,33,1
870,46,7
871,39,2
872,34,2
873,39,1
874,42,4
875,36,0
876,35,2
877,43,8
878,43,5
879,46,13
880,39,3
881,47,10
882,38,2
883,41,6
884,42,3
885,40,5
886,33,1
887,38,4
888,40,9
889,43,7
890,39,4
891,38,5
892,45,11
893,33,1
894,52,9
895,40,8
896,48,13
897,43,4
898,43,11
899,41,4
900,47,9
901,32,0
902,40,1
903,37,2
904,39,6
905,50,8
906,50,10
907,42,4
908,34,1
909,43,10
910,40,6
911,43,2
912,37,1
913,41,6
914,36,2
915,42,5
916,41,5
917,42,6
918,33,2
919,41,2
920,40,3
921,34,0
922,43,5
923,42,3
924,45,10
925,39,3
926,33,2
927,40,2
928,34,0
929,34,1
930,39,2
931,45,8
932,44,5
933,47,11
934,42,8
935,46,5
936,38,6
937,42,4
938,33,1
939,42,4
940,39,5
941,42,9
942,39,4
943,41,4
944,45,3
945,43,4
946,35,2
947,34,2
948,36,0
949,46,7
950,42,3
951,42,5
952,47,16
953,52,15
954,36,3
955,31,1
956,34,1
957,43,3
958,40,3
959,40,3
960,38,1
961,41,4
962,39,0
963,37,2
964,39,5
965,45,6
966,42,4
967,38,5
968,47,7
969,36,3
970,41,3
971,36,0
972,42,5
973,40,8
974,40,6
975,43,5
976,44,8
977,41,1
978,43,7
979,38,4
980,39,6
981,33,1
982,42,4
983,36,1
984,41,7
985,55,17
986,49,7
987,45,8
988,38,2
989,41,1
990,33,1
991,38,6
992,42,3
993,48,9
994,43,4
995,48,10
996,45,9
997,37,3
998,38,5
999,43,6
1000,33,0
