NUM,ATBAT,SCORE
1,39,6
2,42,6
3,50,12
4,52,14
5,46,5
6,45,10
7,39,4
8,38,2
9,33,0
10,44,6
11,36,1
12,43,8
13,39,4
14,44,8
15,43,8
16,34,1
17,43,2
18,34,2
19,38,3
20,40,3
21,37,3
22,46,9
23,40,4
24,40,4
25,38,0
26,33,1
27,46,13
28,35,2
29,38,2
30,31,1
31,34,1
32,39,1
33,38,0
34,37,1
35,40,4
36,38,3
37,50,12
38,39,2
39,34,1
40,47,8
41,47,9
42,37,4
43,46,8
44,39,5
45,38,1
46,41,3
47,39,5
48,36,1
49,50,4
50,38,4
51,40,2
52,41,4
53,38,4
54,33,0
55,36,1
56,40,4
57,42,6
58,53,16
59,39,5
60,33,0
61,38,1
62,42,5
63,38,2
64,36,1
65,45,8
66,41,3
67,47,5
68,38,5
69,38,2
70,43,5
71,40,6
72,37,2
73,40,5
74,38,3
75,41,8
76,46,9
77,42,1
78,33,0
79,41,3
80,36,0
81,41,4
82,43,6
83,39,2
84,39,5
85,37,1
86,41,5
87,39,4
88,37,2
89,45,4
90,39,0
91,36,1
92,39,1
93,37,1
94,44,7
95,35,5
96,32,0
97,38,4
98,40,1
99,41,3
100,36,0
101,48,5
102,37,1
103,41,6
104,44,7
105,34,1
106,39,3
107,37,2
108,41,8
109,43,3
110,43,5
111,37,3
112,37,1
113,40,6
114,41,2
115,39,3
116,41,2
117,41,3
118,40,3
119,35,2
120,40,4
121,39,2
122,44,6
123,41,4
124,38,1
125,45,7
126,41,4
127,41,6
128,40,5
129,39,6
130,43,2
131,36,1
132,35,1
133,44,5
134,42,2
135,56,14
136,40,5
137,40,4
138,43,2
139,49,7
140,37,1
141,42,6
142,38,1
143,32,0
144,44,8
145,41,3
146,37,3
147,40,6
148,41,3
149,39,1
150,37,1
151,43,6
152,42,4
153,31,0
154,40,3
155,40,5
156,45,3
157,40,5
158,41,5
159,42,5
160,39,2
161,40,3
162,37,3
163,37,3
164,35,0
165,42,2
166,39,2
167,46,6
168,34,1
169,48,2
170,32,0
171,40,3
172,30,0
173,36,0
174,43,4
175,44,6
176,41,6
177,33,0
178,44,7
179,38,1
180,44,7
181,37,2
182,41,1
183,35,0
184,46,5
185,39,2
186,37,2
187,39,6
188,37,2
189,37,7
190,37,0
191,38,1
192,47,5
193,36,2
194,38,1
195,32,0
196,37,3
197,37,2
198,37,4
199,39,1
200,39,3
201,38,3
202,40,4
203,42,5
204,40,3
205,33,1
206,36,0
207,40,3
208,46,7
209,45,6
210,43,2
211,36,2
212,40,1
213,43,3
214,40,4
215,48,6
216,36,3
217,41,4
218,39,3
219,43,3
220,37,2
221,42,4
222,42,6
223,39,4
224,42,1
225,37,1
226,48,9
227,40,4
228,42,7
229,39,3
230,37,3
231,43,1
232,38,5
233,41,1
234,42,6
235,51,13
236,37,0
237,40,6
238,36,2
239,38,4
240,42,6
241,37,3
242,47,5
243,38,2
244,33,0
245,39,3
246,40,3
247,39,2
248,40,4
249,39,5
250,46,5
251,39,5
252,37,0
253,42,2
254,39,4
255,42,4
256,36,3
257,38,2
258,49,8
259,41,6
260,42,4
261,38,3
262,33,1
263,36,3
264,37,2
265,45,4
266,43,4
267,40,3
268,44,5
269,52,7
270,35,3
271,43,6
272,49,9
273,37,4
274,43,3
275,40,2
276,38,3
277,37,0
278,44,7
279,37,4
280,45,7
281,47,10
282,42,6
283,38,2
284,45,6
285,43,4
286,44,6
287,40,3
288,40,4
289,50,8
290,41,1
291,35,1
292,45,6
293,36,1
294,37,1
295,38,3
296,38,2
297,36,0
298,40,0
299,43,7
300,38,2
301,46,6
302,40,1
303,43,6
304,45,5
305,48,5
306,37,0
307,39,2
308,34,2
309,41,9
310,35,0
311,42,5
312,40,1
313,35,1
314,42,7
315,33,2
316,42,6
317,37,2
318,39,3
319,36,1
320,34,1
321,44,5
322,41,5
323,39,2
324,37,0
325,39,5
326,40,3
327,49,12
328,49,9
329,38,2
330,42,5
331,46,6
332,44,7
333,35,2
334,46,6
335,36,0
336,39,3
337,40,2
338,40,6
339,39,5
340,37,1
341,50,10
342,37,3
343,39,5
344,38,0
345,37,1
346,41,7
347,41,5
348,38,1
349,42,7
350,40,2
351,43,1
352,40,3
353,39,3
354,42,4
355,35,2
356,42,0
357,38,8
358,45,6
359,36,3
360,38,3
361,39,3
362,39,3
363,35,1
364,37,2
365,41,0
366,35,3
367,47,8
368,41,3
369,41,9
370,37,2
371,42,3
372,37,2
373,40,4
374,48,9
375,40,1
376,40,3
377,36,3
378,39,2
379,33,0
380,47,8
381,38,6
382,45,1
383,50,9
384,41,4
385,37,0
386,35,0
387,46,7
388,48,7
389,45,4
390,34,2
391,47,11
392,35,2
393,45,6
394,39,3
395,40,1
396,36,1
397,44,6
398,42,6
399,46,7
400,47,9
401,35,2
402,45,9
403,53,9
404,45,9
405,38,3
406,33,0
407,38,1
408,36,3
409,37,2
410,45,4
411,34,1
412,33,1
413,43,5
414,41,4
415,41,4
416,41,6
417,38,1
418,36,2
419,40,4
420,42,3
421,38,3
422,31,0
423,38,1
424,34,1
425,33,0
426,36,2
427,35,0
428,42,4
429,46,11
430,40,3
431,36,1
432,38,1
433,39,1
434,35,1
435,43,6
436,39,2
437,38,3
438,43,3
439,42,5
440,38,1
441,29,0
442,41,3
443,46,8
444,40,2
445,45,7
446,47,8
447,38,1
448,40,3
449,37,2
450,41,6
451,42,3
452,40,5
453,39,4
454,38,2
455,40,2
456,41,3
457,41,1
458,44,6
459,40,2
460,37,4
461,42,4
462,43,4
463,40,2
464,49,7
465,42,4
466,44,4
467,41,6
468,36,0
469,40,3
470,38,0
471,31,1
472,44,7
473,42,5
474,41,4
475,36,4
476,37,3
477,39,2
478,31,1
479,38,4
480,35,0
481,41,5
482,39,4
483,45,5
484,34,1
485,41,2
486,35,1
487,42,4
488,33,0
489,37,1
490,40,4
491,44,7
492,39,3
493,45,8
494,41,8
495,45,7
496,40,4
497,35,0
498,36,2
499,42,4
500,35,1
501,36,0
502,31,1
503,47,10
504,38,3
505,50,12
506,48,7
507,43,6
508,45,1
509,36,0
510,40,3
511,36,1
512,40,0
513,38,3
514,38,3
515,44,9
516,44,7
517,39,2
518,48,7
519,47,10
520,38,4
521,33,4
522,40,5
523,40,3
524,31,1
525,36,1
526,40,4
527,44,5
528,41,5
529,38,5
530,43,4
531,35,0
532,39,1
533,42,6
534,39,4
535,32,0
536,38,4
537,44,8
538,39,3
539,37,1
540,40,4
541,37,5
542,44,7
543,48,9
544,36,3
545,35,2
546,37,1
547,42,1
548,31,1
549,46,10
550,33,2
551,32,0
552,37,1
553,44,3
554,39,3
555,38,1
556,40,1
557,41,6
558,41,3
559,41,4
560,38,2
561,37,2
562,46,8
563,45,8
564,35,1
565,41,5
566,39,0
567,41,6
568,43,2
569,30,0
570,46,1
571,42,3
572,42,9
573,40,4
574,35,0
575,43,2
576,36,2
577,46,7
578,47,7
579,36,2
580,51,14
581,39,2
582,42,8
583,37,3
584,40,6
585,43,4
586,43,7
587,40,2
588,36,3
589,40,8
590,37,0
591,52,11
592,37,2
593,46,6
594,43,2
595,39,1
596,51,12
597,34,2
598,34,0
599,33,1
600,34,2
601,49,5
602,43,3
603,37,1
604,38,5
605,42,6
606,42,5
607,35,0
608,37,1
609,42,6
610,43,4
611,47,6
612,39,3
613,44,8
614,40,1
615,38,1
616,36,2
617,46,2
618,38,3
619,39,6
620,35,0
621,44,3
622,40,4
623,37,1
624,40,6
625,39,3
626,34,0
627,37,1
628,41,4
629,34,3
630,36,1
631,42,5
632,39,2
633,34,2
634,33,1
635,36,0
636,41,5
637,41,7
638,38,3
639,39,5
640,39,5
641,34,0
642,40,5
643,37,1
644,42,7
645,36,0
646,36,2
647,40,4
648,34,2
649,42,4
650,49,15
651,45,9
652,40,4
653,44,5
654,41,4
655,39,0
656,45,7
657,45,5
658,39,3
659,38,4
660,41,5
661,38,2
662,40,4
663,34,0
664,33,1
665,41,3
666,40,6
667,47,7
668,50,12
669,41,3
670,41,7
671,45,6
672,47,7
673,35,1
674,38,4
675,40,3
676,41,9
677,36,0
678,43,3
679,45,6
680,42,6
681,36,1
682,36,0
683,45,10
684,39,5
685,38,3
686,38,3
687,33,1
688,36,0
689,38,0
690,40,2
691,40,2
692,36,0
693,35,3
694,35,0
695,33,1
696,39,2
697,36,2
698,34,1
699,43,4
700,42,7
701,32,0
702,40,8
703,45,6
704,37,4
705,33,3
706,36,1
707,34,0
708,42,7
709,37,1
710,38,4
711,43,5
712,36,1
713,33,0
714,41,5
715,35,4
716,37,0
717,36,2
718,43,6
719,43,4
720,37,2
721,36,0
722,42,5
723,38,0
724,39,2
725,39,4
726,38,2
727,41,4
728,42,5
729,36,4
730,36,2
731,37,0
732,32,0
733,47,7
734,41,3
735,37,1
736,42,5
737,44,6
738,53,16
739,35,0
740,38,4
741,41,6
742,42,4
743,48,14
744,38,0
745,44,4
746,47,10
747,38,2
748,44,5
749,37,2
750,41,7
751,40,6
752,50,5
753,39,1
754,40,3
755,37,4
756,35,1
757,40,1
758,40,7
759,39,1
760,47,6
761,41,4
762,46,4
763,39,4
764,41,4
765,39,5
766,50,9
767,47,4
768,37,2
769,40,1
770,38,4
771,44,8
772,38,1
773,38,0
774,34,1
775,46,7
776,36,0
777,44,5
778,35,2
779,36,0
780,51,13
781,37,2
782,45,7
783,35,0
784,39,5
785,36,1
786,38,0
787,39,3
788,39,2
789,43,6
790,39,1
791,43,4
792,46,5
793,40,7
794,38,2
795,42,5
796,38,1
797,36,0
798,42,1
799,34,3
800,35,0
801,34,1
802,40,5
803,32,1
804,35,1
805,41,4
806,41,1
807,37,1
808,35,0
809,42,6
810,37,1
811,40,4
812,32,1
813,45,7
814,37,3
815,36,2
816,53,11
817,38,2
818,45,5
819,36,1
820,35,1
821,38,1
822,39,4
823,35,3
824,40,4
825,42,3
826,34,0
827,43,3
828,38,0
829,38,4
830,39,1
831,38,5
832,35,4
833,40,2
834,33,3
835,41,2
836,34,1
837,38,2
838,40,2
839,34,2
840,34,1
841,39,2
842,47,3
843,50,12
844,42,2
845,36,3
846,36,0
847,39,2
848,33,1
849,42,2
850,34,0
851,37,3
852,42,5
853,37,2
854,37,5
855,38,2
856,41,4
857,38,2
858,37,0
859,37,0
860,41,3
861,32,0
862,34,1
863,33,0
864,39,2
865,38,3
866,41,2
867,39,3
868,39,3
869,40,6
870,41,3
871,47,8
872,43,6
873,32,0
874,41,3
875,34,2
876,37,3
877,36,0
878,45,5
879,40,2
880,39,2
881,35,3
882,35,4
883,32,1
884,43,5
885,37,4
886,40,4
887,38,2
888,40,1
889,38,2
890,51,13
891,47,8
892,53,12
893,38,2
894,33,1
895,45,7
896,41,6
897,35,0
898,49,14
899,39,6
900,37,4
901,41,1
902,42,3
903,32,1
904,33,0
905,38,3
906,41,3
907,35,2
908,39,3
909,39,2
910,40,5
911,39,3
912,44,3
913,39,2
914,39,4
915,37,0
916,36,2
917,45,6
918,32,0
919,40,2
920,43,5
921,39,0
922,38,1
923,48,8
924,42,6
925,36,2
926,38,4
927,42,12
928,40,1
929,47,8
930,34,1
931,39,6
932,35,2
933,42,6
934,41,9
935,41,5
936,31,0
937,44,7
938,42,4
939,32,0
940,47,5
941,45,6
942,32,0
943,49,7
944,33,2
945,48,4
946,37,2
947,38,4
948,38,4
949,39,4
950,32,2
951,37,4
952,38,3
953,40,3
954,39,1
955,46,5
956,32,0
957,44,7
958,41,5
959,42,4
960,39,5
961,38,2
962,35,0
963,39,2
964,32,1
965,43,6
966,36,0
967,31,0
968,40,4
969,37,2
970,40,4
971,41,6
972,38,2
973,37,3
974,44,6
975,39,5
976,46,4
977,43,8
978,36,2
979,48,10
980,40,1
981,44,5
982,39,2
983,41,4
984,38,4
985,38,1
986,30,0
987,37,2
988,44,4
989,31,1
990,46,6
991,37,3
992,43,3
993,37,2
994,37,1
995,37,1
996,30,0
997,37,3
998,42,5
999,37,3
1000,38,1
