NUM,ATBAT,SCORE
1,36,1
2,39,2
3,41,1
4,38,2
5,43,8
6,35,1
7,39,3
8,36,3
9,42,6
10,40,4
11,39,2
12,35,1
13,42,6
14,39,2
15,41,4
16,43,6
17,46,6
18,43,5
19,35,2
20,46,9
21,46,7
22,34,2
23,47,8
24,39,0
25,43,5
26,50,16
27,46,10
28,47,10
29,46,8
30,36,2
31,44,8
32,34,1
33,38,3
34,42,4
35,40,3
36,46,6
37,35,1
38,45,9
39,39,4
40,40,7
41,48,5
42,39,5
43,36,2
44,36,2
45,40,4
46,33,0
47,43,5
48,52,7
49,44,4
50,48,6
51,39,7
52,32,0
53,43,5
54,37,0
55,38,1
56,39,4
57,35,2
58,42,5
59,38,2
60,41,5
61,41,4
62,38,5
63,37,3
64,43,1
65,37,2
66,37,1
67,36,4
68,49,10
69,40,2
70,49,8
71,40,3
72,38,1
73,43,6
74,35,0
75,36,0
76,36,1
77,38,0
78,38,4
79,47,14
80,45,6
81,38,0
82,46,3
83,44,4
84,41,7
85,40,2
86,44,3
87,49,10
88,38,4
89,50,13
90,38,5
91,46,7
92,46,7
93,38,3
94,50,7
95,42,4
96,40,3
97,35,1
98,37,3
99,48,6
100,37,1
101,39,2
102,41,3
103,55,15
104,37,0
105,35,1
106,33,0
107,42,1
108,38,3
109,48,5
110,39,4
111,49,5
112,40,2
113,40,4
114,50,5
115,41,3
116,42,2
117,38,2
118,43,3
119,57,16
120,33,0
121,39,1
122,44,7
123,48,10
124,49,9
125,41,5
126,39,0
127,37,4
128,43,7
129,39,2
130,43,4
131,37,1
132,36,2
133,42,5
134,29,0
135,38,2
136,39,1
137,38,5
138,45,7
139,38,6
140,44,6
141,43,4
142,42,4
143,39,2
144,45,6
145,39,3
146,43,6
147,45,8
148,37,1
149,42,4
150,42,6
151,39,3
152,44,11
153,46,7
154,39,0
155,40,1
156,43,9
157,36,2
158,45,7
159,45,7
160,33,0
161,44,6
162,43,4
163,46,9
164,39,4
165,42,5
166,43,3
167,45,7
168,34,1
169,46,6
170,43,10
171,42,5
172,40,6
173,43,7
174,43,4
175,45,5
176,42,4
177,37,3
178,43,8
179,40,1
180,36,0
181,33,0
182,35,1
183,44,6
184,39,7
185,44,6
186,49,6
187,35,0
188,39,3
189,43,8
190,45,6
191,40,7
192,38,1
193,45,3
194,38,4
195,52,15
196,35,0
197,48,12
198,44,1
199,49,14
200,39,2
201,40,3
202,36,0
203,34,1
204,44,6
205,47,7
206,44,6
207,40,6
208,41,7
209,47,5
210,43,8
211,39,6
212,42,4
213,44,5
214,49,16
215,49,12
216,42,3
217,42,7
218,48,7
219,38,5
220,37,2
221,43,3
222,38,4
223,39,5
224,35,0
225,38,4
226,33,0
227,39,2
228,40,2
229,50,9
230,54,9
231,54,10
232,38,5
233,39,1
234,38,1
235,50,9
236,41,5
237,46,10
238,38,1
239,46,8
240,46,6
241,39,6
242,36,0
243,41,7
244,39,2
245,37,2
246,40,3
247,35,2
248,34,1
249,40,4
250,37,3
251,37,3
252,44,6
253,32,0
254,42,5
255,37,2
256,37,3
257,39,5
258,40,0
259,52,8
260,36,1
261,46,5
262,50,12
263,45,7
264,44,8
265,44,4
266,39,2
267,40,5
268,35,0
269,42,2
270,38,6
271,41,5
272,35,2
273,51,10
274,43,2
275,44,4
276,47,8
277,32,0
278,40,5
279,41,1
280,44,7
281,40,3
282,49,12
283,45,7
284,43,3
285,43,5
286,35,1
287,40,2
288,40,4
289,38,2
290,38,3
291,38,1
292,42,1
293,44,5
294,41,7
295,36,0
296,39,2
297,44,5
298,41,3
299,37,5
300,50,8
301,41,2
302,38,2
303,31,1
304,38,4
305,39,4
306,38,3
307,42,3
308,42,4
309,43,6
310,39,5
311,46,6
312,36,2
313,41,3
314,39,4
315,46,5
316,38,1
317,49,8
318,36,1
319,46,7
320,37,1
321,46,11
322,40,4
323,43,9
324,41,9
325,37,6
326,45,7
327,36,2
328,38,2
329,31,1
330,38,3
331,37,0
332,44,4
333,44,7
334,39,0
335,33,0
336,46,7
337,42,6
338,41,1
339,46,8
340,40,5
341,42,4
342,42,5
343,50,7
344,42,4
345,43,3
346,52,15
347,41,7
348,43,2
349,41,4
350,35,2
351,33,0
352,42,5
353,32,0
354,41,5
355,42,1
356,38,5
357,48,7
358,43,5
359,38,3
360,36,4
361,44,6
362,49,13
363,40,4
364,40,3
365,44,6
366,45,7
367,41,4
368,42,4
369,46,3
370,35,3
371,40,3
372,40,2
373,41,7
374,40,5
375,42,2
376,44,2
377,48,7
378,38,1
379,43,3
380,41,6
381,38,1
382,40,0
383,44,4
384,36,2
385,39,1
386,46,12
387,44,9
388,37,2
389,42,5
390,40,5
391,33,0
392,43,4
393,41,4
394,46,7
395,38,3
396,34,0
397,40,4
398,37,4
399,47,9
400,48,7
401,51,11
402,36,0
403,39,2
404,38,3
405,33,1
406,42,4
407,45,9
408,48,5
409,40,7
410,37,3
411,46,6
412,48,13
413,33,1
414,47,5
415,43,4
416,33,1
417,35,0
418,37,1
419,40,6
420,38,3
421,44,8
422,45,6
423,50,9
424,37,1
425,38,2
426,49,11
427,37,3
428,42,4
429,50,6
430,40,3
431,36,1
432,48,8
433,38,2
434,49,9
435,49,8
436,38,1
437,40,6
438,42,4
439,47,10
440,41,7
441,40,2
442,48,8
443,47,8
444,38,0
445,44,6
446,37,2
447,34,0
448,46,8
449,45,6
450,39,3
451,31,0
452,39,1
453,44,6
454,41,3
455,40,4
456,39,4
457,43,5
458,52,13
459,44,6
460,35,3
461,47,7
462,42,3
463,42,2
464,36,1
465,45,5
466,38,3
467,51,13
468,45,9
469,41,4
470,42,9
471,43,7
472,43,7
473,37,5
474,44,4
475,38,1
476,46,12
477,51,12
478,36,1
479,41,6
480,40,4
481,50,12
482,41,6
483,40,2
484,42,2
485,39,3
486,34,2
487,41,3
488,44,3
489,47,7
490,49,6
491,35,0
492,36,1
493,45,9
494,40,3
495,34,1
496,51,8
497,36,0
498,47,7
499,49,9
500,41,3
501,44,2
502,40,5
503,32,1
504,39,1
505,39,7
506,43,4
507,36,2
508,45,5
509,38,4
510,38,0
511,41,1
512,48,9
513,34,1
514,37,3
515,43,4
516,40,4
517,33,1
518,43,3
519,37,1
520,39,2
521,47,6
522,38,2
523,44,7
524,38,1
525,46,5
526,40,1
527,41,5
528,39,4
529,34,3
530,43,4
531,40,3
532,42,4
533,45,8
534,42,1
535,44,5
536,48,6
537,40,1
538,39,4
539,45,7
540,43,4
541,41,4
542,38,8
543,48,12
544,34,0
545,50,10
546,39,3
547,42,6
548,48,14
549,38,1
550,33,2
551,38,1
552,45,10
553,41,3
554,42,4
555,35,2
556,41,2
557,41,3
558,39,3
559,39,0
560,36,1
561,37,2
562,38,5
563,38,6
564,43,6
565,34,1
566,36,2
567,37,3
568,42,6
569,36,1
570,50,7
571,40,7
572,36,2
573,38,4
574,35,2
575,46,7
576,40,1
577,56,17
578,43,5
579,48,11
580,43,5
581,37,2
582,41,3
583,39,4
584,33,3
585,43,3
586,33,0
587,40,2
588,40,5
589,39,6
590,45,3
591,45,3
592,38,3
593,38,1
594,38,4
595,43,5
596,37,1
597,41,3
598,35,1
599,46,5
600,38,1
601,44,6
602,42,5
603,42,3
604,37,5
605,48,4
606,37,3
607,36,1
608,33,1
609,45,9
610,48,12
611,39,2
612,36,5
613,32,2
614,39,5
615,39,3
616,44,6
617,39,3
618,39,4
619,42,0
620,41,1
621,41,6
622,48,9
623,43,6
624,39,6
625,42,5
626,39,1
627,40,3
628,35,1
629,40,5
630,41,0
631,42,4
632,37,0
633,40,3
634,49,8
635,39,2
636,42,3
637,38,8
638,40,2
639,42,2
640,47,6
641,40,0
642,38,2
643,46,6
644,38,1
645,43,6
646,40,5
647,43,3
648,38,1
649,48,9
650,41,3
651,36,3
652,47,6
653,37,3
654,47,8
655,37,1
656,50,11
657,45,5
658,42,7
659,36,2
660,46,9
661,37,3
662,38,4
663,41,6
664,48,8
665,38,0
666,41,3
667,35,1
668,35,3
669,46,5
670,38,1
671,36,1
672,47,9
673,51,13
674,33,0
675,44,5
676,45,6
677,43,3
678,38,2
679,44,4
680,44,6
681,36,0
682,44,6
683,39,2
684,48,8
685,37,6
686,45,8
687,41,3
688,50,11
689,44,9
690,48,11
691,42,4
692,43,6
693,46,6
694,39,2
695,37,1
696,40,6
697,41,1
698,40,0
699,41,1
700,50,12
701,43,7
702,33,1
703,36,0
704,44,5
705,41,5
706,50,16
707,38,0
708,35,1
709,56,15
710,31,0
711,36,2
712,46,9
713,42,3
714,41,1
715,46,8
716,36,2
717,50,10
718,40,1
719,39,4
720,36,1
721,37,1
722,37,0
723,39,6
724,40,3
725,35,2
726,38,7
727,38,2
728,42,7
729,40,1
730,39,5
731,42,4
732,47,10
733,44,4
734,35,2
735,39,3
736,34,0
737,37,1
738,32,1
739,43,7
740,35,0
741,43,7
742,36,1
743,42,5
744,40,4
745,42,5
746,47,7
747,40,2
748,46,5
749,43,9
750,41,4
751,41,7
752,39,4
753,37,2
754,47,11
755,39,4
756,37,0
757,34,1
758,44,10
759,35,2
760,33,0
761,39,5
762,43,3
763,44,6
764,49,11
765,33,2
766,36,4
767,42,4
768,45,3
769,39,2
770,38,2
771,41,6
772,42,3
773,51,5
774,36,2
775,42,4
776,48,8
777,38,6
778,32,0
779,38,4
780,48,8
781,35,1
782,43,3
783,38,0
784,38,2
785,43,3
786,46,7
787,40,2
788,39,2
789,50,12
790,34,2
791,35,2
792,40,0
793,38,2
794,40,5
795,42,8
796,40,4
797,44,5
798,42,4
799,44,7
800,46,4
801,38,5
802,37,2
803,38,3
804,41,4
805,39,5
806,36,2
807,48,12
808,39,2
809,38,2
810,41,3
811,38,1
812,35,1
813,43,4
814,44,7
815,37,0
816,39,2
817,42,6
818,39,3
819,39,2
820,31,0
821,40,1
822,42,6
823,42,4
824,35,0
825,44,7
826,47,12
827,34,0
828,35,0
829,41,3
830,48,12
831,44,5
832,43,3
833,41,6
834,44,4
835,39,3
836,40,3
837,43,5
838,41,5
839,52,13
840,34,2
841,42,2
842,40,5
843,38,3
844,47,4
845,48,13
846,43,6
847,52,14
848,43,7
849,38,5
850,42,6
851,39,2
852,45,8
853,42,6
854,37,1
855,30,0
856,44,6
857,44,6
858,53,12
859,40,4
860,38,1
861,44,9
862,48,2
863,41,6
864,42,11
865,31,0
866,44,5
867,40,4
868,45,6
869,42,4
870,43,6
871,36,2
872,47,10
873,37,5
874,41,5
875,46,6
876,49,12
877,45,5
878,38,0
879,44,6
880,45,6
881,39,2
882,44,5
883,41,9
884,37,2
885,38,1
886,37,1
887,41,2
888,39,5
889,40,7
890,46,7
891,45,4
892,37,1
893,40,2
894,38,2
895,40,6
896,41,5
897,45,7
898,41,2
899,41,2
900,33,0
901,37,2
902,44,6
903,44,2
904,41,6
905,47,3
906,37,4
907,45,5
908,34,0
909,38,2
910,38,0
911,34,2
912,41,4
913,44,5
914,35,4
915,40,1
916,34,2
917,34,2
918,36,0
919,42,2
920,34,0
921,48,12
922,42,9
923,44,8
924,41,5
925,45,5
926,46,5
927,37,1
928,38,4
929,45,5
930,42,3
931,39,0
932,43,4
933,46,7
934,41,4
935,48,7
936,44,6
937,52,13
938,41,8
939,38,4
940,39,3
941,46,7
942,42,3
943,40,4
944,43,5
945,43,6
946,44,3
947,47,6
948,48,11
949,45,6
950,33,0
951,36,3
952,40,4
953,41,6
954,42,2
955,44,7
956,51,10
957,43,3
958,37,1
959,38,3
960,40,3
961,48,4
962,40,9
963,41,5
964,35,0
965,40,3
966,43,5
967,40,5
968,48,12
969,45,2
970,43,8
971,36,0
972,37,2
973,39,2
974,46,12
975,52,8
976,41,4
977,46,7
978,44,6
979,54,13
980,49,10
981,42,8
982,32,0
983,47,8
984,33,0
985,41,2
986,35,0
987,48,6
988,44,5
989,44,5
990,36,4
991,37,1
992,39,1
993,40,2
994,36,2
995,42,7
996,35,2
997,42,10
998,41,4
999,40,4
1000,48,6
