NUM,ATBAT,SCORE
1,41,4
2,41,3
3,44,4
4,45,8
5,55,19
6,48,10
7,51,12
8,39,9
9,50,13
10,55,18
11,47,9
12,49,12
13,50,14
14,38,4
15,47,11
16,42,4
17,52,12
18,45,2
19,50,11
20,39,4
21,41,1
22,59,14
23,45,5
24,45,8
25,50,9
26,44,7
27,43,8
28,42,1
29,47,8
30,36,2
31,45,9
32,46,11
33,40,7
34,49,11
35,48,8
36,41,7
37,44,5
38,47,7
39,44,8
40,40,7
41,53,14
42,47,8
43,53,17
44,47,5
45,39,5
46,46,8
47,47,8
48,46,14
49,43,4
50,50,8
51,44,5
52,38,3
53,48,14
54,45,11
55,40,5
56,50,6
57,48,12
58,42,12
59,57,14
60,43,6
61,54,14
62,45,7
63,47,11
64,48,16
65,51,10
66,42,5
67,43,9
68,52,12
69,46,7
70,41,4
71,52,14
72,41,3
73,40,6
74,43,9
75,46,6
76,54,17
77,47,8
78,47,6
79,49,6
80,55,16
81,51,9
82,45,6
83,46,4
84,43,5
85,48,7
86,49,8
87,43,5
88,35,2
89,45,8
90,49,11
91,57,17
92,57,16
93,51,12
94,44,7
95,52,15
96,58,14
97,42,6
98,50,11
99,48,11
100,50,11
101,51,15
102,46,10
103,49,9
104,52,15
105,44,9
106,44,5
107,49,11
108,52,15
109,47,7
110,44,5
111,42,7
112,41,6
113,50,9
114,46,10
115,52,13
116,39,1
117,41,7
118,49,11
119,42,9
120,42,7
121,44,6
122,56,11
123,51,15
124,43,9
125,49,14
126,50,7
127,50,9
128,44,6
129,50,12
130,43,5
131,50,14
132,41,1
133,50,14
134,51,13
135,50,13
136,44,6
137,43,11
138,41,4
139,48,4
140,56,18
141,48,12
142,48,7
143,38,5
144,54,16
145,44,5
146,48,9
147,46,8
148,55,17
149,46,9
150,43,7
151,52,13
152,41,7
153,48,9
154,48,12
155,47,9
156,35,1
157,45,6
158,39,6
159,40,4
160,39,1
161,52,14
162,51,15
163,49,10
164,60,21
165,47,10
166,50,12
167,50,10
168,53,13
169,64,22
170,54,21
171,39,3
172,49,10
173,47,6
174,62,25
175,46,12
176,52,13
177,43,8
178,49,11
179,52,10
180,43,5
181,42,6
182,42,7
183,47,7
184,44,11
185,44,8
186,52,14
187,38,4
188,47,11
189,50,7
190,38,4
191,59,18
192,43,6
193,54,16
194,45,11
195,51,11
196,49,10
197,44,6
198,47,5
199,60,19
200,46,13
201,52,10
202,58,18
203,45,8
204,44,5
205,47,9
206,44,7
207,50,13
208,50,9
209,45,9
210,38,1
211,48,7
212,49,8
213,57,15
214,49,6
215,41,3
216,42,8
217,48,9
218,53,12
219,46,6
220,47,8
221,46,12
222,47,8
223,62,22
224,45,7
225,47,7
226,51,12
227,56,23
228,40,4
229,46,7
230,47,6
231,50,14
232,46,8
233,39,3
234,43,5
235,42,7
236,60,19
237,45,4
238,38,5
239,48,9
240,49,11
241,50,11
242,37,0
243,41,4
244,53,10
245,41,6
246,43,7
247,49,7
248,54,15
249,52,16
250,42,8
251,57,18
252,39,3
253,51,13
254,36,6
255,55,15
256,40,7
257,43,10
258,36,1
259,44,7
260,44,9
261,52,14
262,55,15
263,41,9
264,43,3
265,49,6
266,44,12
267,37,5
268,51,12
269,51,9
270,55,15
271,41,7
272,43,3
273,44,9
274,43,8
275,38,8
276,44,2
277,41,5
278,43,6
279,48,11
280,49,12
281,51,17
282,51,13
283,58,17
284,49,8
285,47,11
286,54,17
287,38,2
288,52,17
289,44,3
290,40,4
291,44,9
292,55,17
293,56,15
294,55,18
295,51,15
296,41,6
297,43,2
298,49,13
299,45,7
300,45,6
301,52,12
302,41,2
303,35,1
304,50,8
305,53,10
306,51,12
307,51,15
308,39,3
309,57,14
310,40,3
311,50,10
312,53,13
313,50,14
314,52,12
315,49,8
316,47,13
317,48,14
318,52,12
319,48,11
320,49,10
321,48,9
322,53,12
323,42,3
324,50,13
325,63,25
326,45,10
327,42,9
328,47,9
329,42,7
330,43,10
331,45,7
332,47,9
333,43,6
334,37,5
335,42,7
336,40,5
337,44,14
338,50,14
339,47,9
340,41,8
341,44,4
342,51,7
343,58,12
344,43,4
345,55,19
346,45,5
347,50,8
348,46,11
349,43,5
350,53,14
351,42,6
352,46,8
353,50,11
354,45,5
355,39,4
356,55,16
357,54,14
358,67,26
359,41,5
360,55,17
361,51,12
362,46,6
363,45,7
364,51,16
365,68,30
366,41,4
367,46,7
368,42,6
369,44,11
370,49,12
371,51,11
372,49,7
373,44,3
374,38,4
375,52,11
376,60,22
377,47,11
378,44,4
379,49,11
380,47,8
381,54,15
382,44,7
383,57,18
384,52,13
385,47,7
386,43,8
387,42,7
388,47,8
389,44,5
390,41,5
391,52,11
392,40,4
393,48,14
394,37,3
395,41,7
396,49,15
397,57,18
398,48,7
399,43,9
400,50,13
401,46,6
402,47,14
403,53,14
404,50,11
405,53,12
406,47,12
407,40,6
408,58,22
409,46,11
410,45,8
411,43,6
412,44,6
413,50,11
414,41,3
415,41,3
416,46,7
417,44,8
418,50,12
419,40,5
420,49,12
421,57,17
422,50,10
423,47,8
424,50,12
425,47,12
426,50,13
427,39,6
428,39,2
429,44,12
430,37,5
431,40,6
432,47,7
433,43,5
434,45,10
435,51,15
436,41,4
437,61,17
438,38,1
439,56,19
440,44,8
441,48,12
442,42,6
443,47,11
444,46,6
445,42,5
446,63,21
447,44,8
448,43,2
449,48,9
450,37,2
451,44,4
452,57,19
453,33,2
454,51,17
455,40,2
456,44,8
457,40,5
458,51,8
459,45,6
460,48,10
461,45,6
462,44,2
463,62,22
464,42,5
465,41,8
466,49,10
467,50,12
468,56,14
469,47,6
470,42,6
471,55,16
472,52,10
473,52,17
474,45,7
475,50,9
476,42,5
477,46,13
478,52,13
479,48,11
480,50,9
481,50,8
482,45,8
483,42,7
484,56,17
485,56,13
486,47,8
487,41,4
488,47,10
489,43,5
490,50,8
491,37,4
492,40,6
493,50,14
494,42,3
495,55,14
496,47,9
497,36,3
498,48,7
499,53,14
500,44,6
501,43,10
502,38,1
503,49,8
504,49,12
505,55,12
506,55,13
507,47,11
508,40,4
509,43,7
510,45,9
511,39,4
512,41,7
513,55,15
514,55,18
515,49,10
516,42,7
517,39,5
518,42,3
519,48,6
520,56,13
521,48,5
522,51,17
523,44,7
524,41,6
525,51,16
526,38,6
527,41,4
528,47,12
529,44,10
530,54,19
531,49,12
532,52,8
533,43,4
534,48,14
535,48,13
536,44,11
537,52,13
538,46,7
539,44,9
540,56,15
541,47,10
542,49,18
543,54,14
544,61,23
545,49,10
546,53,16
547,44,9
548,46,8
549,52,15
550,55,15
551,45,7
552,52,16
553,44,6
554,52,12
555,36,3
556,43,6
557,46,8
558,48,12
559,52,11
560,55,14
561,50,9
562,54,12
563,49,8
564,52,12
565,52,9
566,47,11
567,50,9
568,39,8
569,47,6
570,47,15
571,45,15
572,43,7
573,53,17
574,35,2
575,52,12
576,55,17
577,44,3
578,52,11
579,45,7
580,61,19
581,55,20
582,46,7
583,55,15
584,43,7
585,45,9
586,43,5
587,41,6
588,45,7
589,42,7
590,44,4
591,43,6
592,44,12
593,46,10
594,52,16
595,46,11
596,44,5
597,41,9
598,42,5
599,40,2
600,40,1
601,40,2
602,50,15
603,48,11
604,43,5
605,53,13
606,38,3
607,46,6
608,51,12
609,49,13
610,51,15
611,48,7
612,38,3
613,46,9
614,47,7
615,47,8
616,45,11
617,45,7
618,54,13
619,45,8
620,49,7
621,54,16
622,59,17
623,48,6
624,37,1
625,39,5
626,39,1
627,43,6
628,40,2
629,52,10
630,53,12
631,47,9
632,47,11
633,40,7
634,45,6
635,60,22
636,40,5
637,38,5
638,44,5
639,46,11
640,38,1
641,43,4
642,44,8
643,49,8
644,51,11
645,44,3
646,40,4
647,53,15
648,51,13
649,42,4
650,50,11
651,49,13
652,42,7
653,37,4
654,48,10
655,43,6
656,56,15
657,53,14
658,51,9
659,52,18
660,48,4
661,41,7
662,39,2
663,49,12
664,48,10
665,46,7
666,49,11
667,40,8
668,45,10
669,44,7
670,42,7
671,44,5
672,47,8
673,58,18
674,55,16
675,55,16
676,46,10
677,42,5
678,36,2
679,50,10
680,40,3
681,45,7
682,53,14
683,38,4
684,39,6
685,41,4
686,52,14
687,49,11
688,47,7
689,54,11
690,48,8
691,53,10
692,46,12
693,53,13
694,42,7
695,49,14
696,39,1
697,48,13
698,44,3
699,51,13
700,42,4
701,43,2
702,54,15
703,38,2
704,46,7
705,47,8
706,46,4
707,52,13
708,51,13
709,39,5
710,40,6
711,54,14
712,44,3
713,40,6
714,49,8
715,47,8
716,51,7
717,45,8
718,42,4
719,48,8
720,42,8
721,42,5
722,44,6
723,49,9
724,43,7
725,62,22
726,37,3
727,48,8
728,48,8
729,42,7
730,47,10
731,45,12
732,48,8
733,46,10
734,42,5
735,42,3
736,56,21
737,51,10
738,44,5
739,51,13
740,48,9
741,47,10
742,41,7
743,44,10
744,41,7
745,47,12
746,49,9
747,46,9
748,50,14
749,53,12
750,40,3
751,50,11
752,38,1
753,46,11
754,47,8
755,45,9
756,50,13
757,41,5
758,59,19
759,45,4
760,37,1
761,58,19
762,43,8
763,38,4
764,42,5
765,45,5
766,58,11
767,41,2
768,41,6
769,51,11
770,53,14
771,59,21
772,51,12
773,47,8
774,52,14
775,41,5
776,43,5
777,47,10
778,46,6
779,61,18
780,42,5
781,45,6
782,53,14
783,48,10
784,42,5
785,49,14
786,42,8
787,47,12
788,39,2
789,39,6
790,48,10
791,38,3
792,41,7
793,40,2
794,39,3
795,45,11
796,47,7
797,53,16
798,44,5
799,47,10
800,58,15
801,39,5
802,46,9
803,39,3
804,47,12
805,49,14
806,56,12
807,54,14
808,51,8
809,49,10
810,48,9
811,45,7
812,40,3
813,44,8
814,46,9
815,55,17
816,47,11
817,47,12
818,44,7
819,54,18
820,49,13
821,48,12
822,43,11
823,45,6
824,63,21
825,42,10
826,50,11
827,55,20
828,46,7
829,42,5
830,48,10
831,45,9
832,46,10
833,45,12
834,45,8
835,56,15
836,42,6
837,58,16
838,55,16
839,57,23
840,57,19
841,44,6
842,40,6
843,46,7
844,48,13
845,49,9
846,41,3
847,40,9
848,43,8
849,45,11
850,54,12
851,48,10
852,41,3
853,41,4
854,55,14
855,52,12
856,50,13
857,48,7
858,53,11
859,55,12
860,44,8
861,46,7
862,49,9
863,38,4
864,45,8
865,51,12
866,51,12
867,36,3
868,37,2
869,46,9
870,65,28
871,46,10
872,50,11
873,57,17
874,52,15
875,48,11
876,47,11
877,54,17
878,56,16
879,48,7
880,41,11
881,43,6
882,33,2
883,43,7
884,42,8
885,53,14
886,53,16
887,37,2
888,46,5
889,43,6
890,52,12
891,44,6
892,39,5
893,60,20
894,38,4
895,42,5
896,41,4
897,46,12
898,44,3
899,40,6
900,56,16
901,54,11
902,50,13
903,36,2
904,42,7
905,36,1
906,58,15
907,57,16
908,56,20
909,44,6
910,48,16
911,41,5
912,48,11
913,46,9
914,46,8
915,58,20
916,43,6
917,44,5
918,50,11
919,50,8
920,53,14
921,51,13
922,43,5
923,57,17
924,46,8
925,47,8
926,45,10
927,52,16
928,44,7
929,41,5
930,45,8
931,46,8
932,50,11
933,50,8
934,57,21
935,51,13
936,48,7
937,41,2
938,42,3
939,50,10
940,45,5
941,54,15
942,44,8
943,48,8
944,37,2
945,50,10
946,52,16
947,48,13
948,45,10
949,53,17
950,45,9
951,47,8
952,53,11
953,46,7
954,49,10
955,48,11
956,55,18
957,41,6
958,71,34
959,42,7
960,43,7
961,41,3
962,55,18
963,41,4
964,43,3
965,51,16
966,48,7
967,58,16
968,48,11
969,47,10
970,40,6
971,45,5
972,53,15
973,49,10
974,40,4
975,52,11
976,43,4
977,45,8
978,52,15
979,43,4
980,46,11
981,38,5
982,57,15
983,45,9
984,42,5
985,40,6
986,45,12
987,43,6
988,59,18
989,51,10
990,54,12
991,42,4
992,52,11
993,48,8
994,38,1
995,42,7
996,47,8
997,45,12
998,47,8
999,40,0
1000,57,18
