NUM,ATBAT,SCORE
1,50,10
2,38,2
3,35,1
4,50,9
5,44,3
6,34,3
7,34,1
8,47,7
9,48,7
10,43,3
11,44,5
12,45,9
13,32,1
14,39,4
15,46,6
16,42,4
17,43,1
18,38,1
19,39,3
20,53,9
21,39,4
22,47,4
23,48,6
24,45,6
25,45,3
26,46,6
27,41,0
28,48,10
29,40,2
30,63,16
31,38,6
32,47,2
33,43,2
34,43,3
35,45,4
36,39,4
37,38,0
38,49,9
39,40,4
40,47,5
41,41,3
42,46,5
43,48,12
44,38,1
45,45,5
46,46,6
47,54,8
48,36,0
49,44,5
50,42,3
51,40,2
52,44,3
53,43,6
54,36,0
55,46,3
56,47,8
57,36,3
58,47,4
59,51,8
60,43,5
61,38,2
62,49,4
63,45,6
64,40,2
65,42,3
66,45,4
67,38,1
68,55,12
69,37,1
70,50,7
71,45,7
72,36,0
73,38,3
74,47,7
75,39,4
76,43,4
77,51,5
78,37,3
79,40,2
80,39,1
81,41,3
82,40,4
83,44,5
84,48,8
85,35,1
86,47,5
87,47,5
88,46,7
89,41,1
90,43,1
91,55,9
92,37,2
93,51,14
94,47,3
95,39,1
96,53,6
97,42,4
98,41,3
99,37,0
100,41,3
101,41,1
102,40,2
103,43,1
104,47,8
105,49,9
106,36,3
107,45,3
108,51,5
109,57,17
110,36,1
111,46,10
112,44,6
113,48,7
114,45,5
115,42,3
116,36,1
117,33,0
118,44,2
119,43,1
120,39,2
121,39,2
122,48,5
123,45,3
124,49,5
125,50,6
126,35,2
127,34,0
128,47,8
129,56,12
130,38,0
131,36,2
132,41,3
133,45,9
134,42,8
135,43,4
136,45,2
137,38,3
138,46,1
139,54,9
140,43,3
141,41,2
142,40,0
143,53,15
144,37,1
145,34,1
146,42,4
147,42,3
148,40,4
149,51,10
150,37,1
151,43,3
152,40,0
153,45,4
154,46,6
155,38,4
156,49,6
157,48,11
158,54,13
159,53,10
160,35,2
161,51,7
162,46,6
163,39,0
164,56,14
165,44,4
166,48,3
167,36,4
168,36,1
169,48,7
170,42,3
171,46,7
172,49,7
173,51,7
174,44,3
175,50,8
176,57,13
177,48,7
178,48,10
179,51,9
180,43,3
181,45,2
182,42,5
183,40,1
184,40,1
185,36,0
186,49,7
187,41,4
188,37,4
189,41,6
190,39,5
191,36,0
192,46,4
193,52,10
194,41,4
195,57,17
196,46,3
197,45,6
198,45,3
199,43,6
200,48,7
201,40,1
202,44,3
203,39,0
204,44,5
205,39,0
206,46,4
207,41,2
208,38,1
209,44,1
210,48,4
211,41,2
212,32,0
213,39,3
214,40,0
215,50,9
216,51,8
217,34,0
218,39,2
219,45,7
220,51,6
221,37,1
222,50,7
223,44,6
224,49,9
225,47,2
226,53,11
227,39,2
228,50,11
229,42,2
230,54,11
231,50,9
232,39,1
233,42,5
234,50,8
235,45,3
236,42,5
237,44,3
238,45,4
239,43,4
240,45,7
241,50,7
242,44,5
243,55,9
244,53,8
245,56,11
246,33,0
247,46,4
248,38,4
249,40,4
250,36,1
251,36,1
252,47,3
253,40,4
254,47,8
255,44,6
256,49,2
257,45,6
258,38,7
259,40,2
260,50,11
261,46,6
262,39,2
263,40,4
264,41,2
265,43,1
266,45,7
267,43,5
268,49,2
269,44,6
270,40,7
271,39,0
272,33,0
273,39,5
274,52,14
275,43,2
276,46,5
277,36,1
278,40,1
279,37,0
280,36,0
281,35,2
282,51,9
283,43,4
284,46,6
285,45,7
286,52,5
287,43,2
288,38,0
289,43,6
290,38,1
291,34,1
292,34,2
293,43,6
294,44,2
295,51,11
296,43,1
297,49,7
298,48,8
299,50,10
300,40,3
301,48,7
302,42,1
303,46,5
304,44,3
305,40,6
306,40,3
307,42,3
308,51,5
309,47,8
310,47,6
311,44,4
312,44,4
313,42,2
314,38,3
315,47,6
316,41,3
317,55,11
318,45,5
319,50,3
320,39,3
321,46,5
322,46,7
323,48,8
324,47,3
325,51,9
326,56,14
327,43,4
328,47,6
329,41,2
330,50,7
331,38,2
332,40,1
333,35,0
334,48,10
335,44,6
336,46,3
337,40,2
338,38,2
339,40,1
340,37,3
341,40,4
342,47,7
343,52,9
344,43,4
345,42,1
346,44,4
347,44,5
348,42,1
349,39,0
350,49,11
351,55,22
352,39,0
353,41,2
354,47,5
355,40,3
356,45,1
357,49,5
358,46,9
359,43,4
360,42,7
361,48,9
362,40,2
363,53,10
364,38,0
365,53,12
366,41,1
367,39,1
368,43,1
369,44,5
370,51,12
371,43,2
372,45,7
373,39,2
374,47,4
375,41,5
376,42,1
377,47,8
378,50,12
379,42,4
380,41,3
381,38,2
382,45,6
383,43,6
384,42,6
385,39,3
386,41,1
387,54,10
388,40,2
389,46,4
390,46,6
391,37,2
392,39,1
393,44,3
394,47,4
395,56,15
396,46,6
397,45,5
398,43,6
399,41,2
400,38,3
401,37,1
402,47,8
403,44,3
404,42,3
405,36,0
406,44,3
407,42,3
408,44,8
409,43,1
410,42,4
411,51,10
412,46,5
413,40,0
414,50,4
415,47,6
416,45,4
417,43,2
418,39,1
419,40,1
420,45,5
421,43,5
422,39,1
423,49,9
424,54,10
425,48,7
426,39,2
427,45,2
428,37,1
429,45,5
430,54,12
431,36,2
432,46,5
433,43,4
434,47,4
435,33,0
436,43,9
437,52,13
438,46,3
439,37,3
440,42,5
441,39,2
442,43,1
443,58,13
444,41,3
445,40,1
446,50,7
447,34,1
448,48,8
449,47,10
450,36,3
451,43,4
452,37,1
453,66,15
454,45,4
455,53,12
456,39,1
457,47,4
458,49,10
459,44,1
460,47,4
461,47,7
462,42,3
463,33,1
464,45,8
465,47,2
466,49,10
467,36,2
468,38,0
469,38,0
470,42,4
471,42,2
472,43,2
473,46,3
474,47,7
475,42,2
476,43,5
477,44,3
478,47,10
479,41,3
480,48,7
481,48,4
482,37,1
483,57,12
484,40,4
485,47,3
486,42,1
487,40,1
488,48,5
489,42,3
490,45,7
491,44,5
492,43,6
493,42,3
494,39,2
495,50,9
496,40,3
497,37,0
498,41,3
499,36,0
500,36,0
501,48,6
502,53,7
503,43,4
504,49,9
505,48,9
506,61,13
507,46,5
508,50,6
509,38,0
510,38,4
511,32,0
512,42,3
513,50,8
514,44,5
515,45,1
516,53,5
517,51,5
518,37,0
519,55,12
520,39,2
521,41,2
522,49,6
523,41,3
524,52,9
525,47,7
526,37,0
527,48,6
528,45,4
529,41,0
530,41,2
531,41,3
532,43,4
533,39,0
534,57,12
535,64,16
536,32,0
537,51,8
538,37,0
539,53,9
540,45,3
541,41,4
542,46,10
543,42,2
544,36,0
545,46,4
546,40,5
547,45,5
548,45,5
549,44,5
550,45,4
551,48,3
552,44,4
553,47,7
554,46,8
555,45,6
556,43,7
557,46,5
558,39,3
559,40,2
560,40,6
561,37,0
562,46,4
563,38,2
564,45,1
565,53,11
566,41,4
567,41,3
568,43,6
569,41,9
570,44,6
571,49,4
572,36,0
573,45,5
574,44,5
575,54,10
576,44,2
577,46,4
578,41,4
579,46,5
580,38,3
581,40,2
582,41,5
583,50,4
584,43,1
585,44,2
586,46,8
587,39,1
588,36,0
589,43,6
590,40,3
591,53,9
592,53,12
593,40,1
594,43,4
595,40,5
596,43,4
597,41,4
598,43,9
599,47,6
600,44,4
601,42,4
602,46,5
603,46,3
604,45,6
605,33,0
606,46,7
607,41,2
608,36,4
609,36,2
610,46,6
611,40,2
612,34,1
613,49,8
614,39,0
615,41,0
616,44,9
617,46,7
618,46,12
619,45,7
620,40,2
621,43,5
622,46,6
623,50,7
624,37,1
625,33,0
626,38,2
627,41,5
628,49,9
629,33,0
630,46,7
631,41,1
632,41,3
633,36,0
634,40,3
635,47,4
636,48,5
637,45,1
638,51,11
639,48,7
640,48,7
641,51,11
642,39,4
643,49,10
644,42,3
645,38,1
646,40,4
647,45,5
648,35,0
649,44,3
650,42,3
651,42,4
652,40,4
653,58,17
654,41,0
655,40,3
656,43,3
657,45,2
658,42,1
659,45,3
660,37,1
661,44,4
662,58,14
663,52,6
664,43,2
665,42,3
666,52,9
667,41,2
668,47,5
669,39,0
670,49,8
671,51,11
672,44,7
673,47,7
674,49,5
675,40,1
676,41,2
677,60,13
678,47,7
679,55,9
680,41,2
681,44,2
682,40,1
683,43,0
684,37,0
685,46,3
686,56,11
687,45,4
688,47,9
689,39,1
690,35,0
691,47,4
692,48,3
693,50,10
694,53,16
695,41,7
696,41,2
697,45,3
698,47,5
699,39,2
700,55,10
701,45,4
702,37,5
703,41,3
704,42,3
705,36,0
706,38,1
707,48,3
708,48,7
709,49,6
710,40,1
711,47,9
712,47,7
713,40,3
714,46,10
715,42,2
716,42,1
717,35,2
718,38,0
719,43,2
720,43,1
721,53,8
722,42,3
723,34,1
724,47,6
725,40,2
726,41,4
727,46,5
728,47,7
729,39,2
730,43,4
731,47,4
732,40,1
733,47,7
734,43,0
735,51,9
736,41,1
737,55,13
738,45,8
739,44,4
740,50,7
741,38,1
742,45,4
743,48,10
744,47,9
745,48,5
746,44,5
747,40,2
748,40,2
749,36,0
750,42,5
751,44,5
752,41,4
753,47,7
754,47,9
755,42,0
756,45,5
757,41,1
758,62,16
759,46,10
760,41,5
761,40,2
762,44,7
763,47,7
764,38,1
765,43,2
766,43,7
767,44,4
768,40,3
769,40,3
770,44,7
771,45,6
772,48,10
773,44,6
774,38,2
775,46,9
776,39,0
777,41,7
778,40,2
779,41,1
780,51,13
781,45,9
782,50,11
783,45,5
784,39,1
785,42,3
786,41,4
787,45,5
788,39,2
789,47,5
790,46,4
791,36,1
792,47,9
793,48,7
794,56,14
795,41,1
796,45,5
797,43,7
798,38,0
799,54,9
800,49,8
801,51,12
802,44,5
803,45,4
804,48,5
805,39,1
806,53,11
807,44,8
808,37,3
809,50,4
810,37,3
811,38,2
812,48,8
813,50,8
814,46,3
815,37,1
816,48,3
817,46,7
818,49,10
819,42,3
820,48,8
821,46,6
822,45,7
823,48,6
824,45,7
825,39,1
826,46,8
827,43,6
828,41,2
829,40,1
830,42,1
831,43,4
832,49,10
833,48,6
834,58,19
835,46,4
836,48,6
837,42,2
838,39,4
839,46,5
840,44,9
841,42,3
842,38,1
843,43,3
844,42,2
845,54,8
846,44,5
847,45,8
848,39,1
849,48,3
850,42,2
851,48,10
852,38,1
853,43,1
854,44,6
855,54,7
856,49,5
857,44,5
858,50,7
859,48,6
860,40,3
861,52,12
862,46,8
863,44,5
864,50,9
865,57,11
866,45,8
867,42,1
868,41,3
869,44,6
870,40,0
871,39,4
872,50,7
873,44,5
874,38,2
875,51,8
876,45,1
877,50,4
878,46,9
879,44,3
880,50,8
881,48,7
882,32,0
883,43,7
884,42,4
885,48,6
886,66,17
887,42,3
888,41,2
889,43,3
890,57,14
891,40,1
892,38,2
893,37,4
894,47,6
895,45,5
896,37,2
897,39,2
898,42,5
899,49,8
900,34,2
901,42,4
902,50,6
903,48,6
904,44,2
905,38,0
906,51,8
907,39,2
908,53,11
909,45,2
910,46,2
911,42,3
912,37,2
913,53,7
914,44,5
915,52,8
916,48,11
917,45,2
918,49,9
919,47,6
920,38,0
921,45,3
922,41,1
923,46,2
924,40,2
925,45,4
926,43,4
927,42,0
928,46,4
929,44,8
930,47,4
931,38,1
932,46,9
933,42,1
934,54,11
935,56,12
936,45,5
937,45,7
938,40,2
939,35,0
940,43,2
941,37,3
942,60,17
943,50,8
944,39,1
945,48,8
946,46,7
947,40,0
948,39,2
949,44,6
950,51,8
951,41,1
952,42,3
953,39,2
954,50,5
955,49,11
956,43,4
957,38,4
958,41,3
959,46,6
960,37,2
961,40,3
962,41,4
963,46,7
964,43,4
965,50,12
966,54,12
967,42,4
968,47,6
969,38,4
970,48,6
971,44,7
972,42,2
973,45,6
974,36,0
975,39,2
976,59,15
977,46,5
978,42,3
979,49,7
980,50,7
981,53,8
982,41,4
983,39,3
984,32,0
985,43,4
986,39,3
987,41,3
988,39,2
989,55,10
990,39,1
991,45,10
992,46,3
993,42,6
994,46,6
995,46,5
996,43,2
997,49,11
998,48,7
999,56,9
1000,42,5
