NUM,ATBAT,SCORE
1,36,2
2,37,2
3,36,0
4,41,4
5,35,3
6,43,9
7,38,3
8,40,5
9,44,6
10,37,2
11,36,3
12,37,5
13,43,8
14,35,0
15,39,6
16,36,0
17,41,3
18,44,5
19,37,2
20,45,6
21,36,4
22,39,3
23,37,4
24,34,0
25,48,11
26,45,4
27,37,2
28,37,2
29,41,6
30,37,2
31,36,1
32,36,0
33,36,2
34,43,6
35,36,1
36,42,1
37,39,1
38,46,7
39,36,0
40,40,6
41,40,3
42,41,3
43,33,0
44,41,6
45,35,1
46,47,6
47,44,7
48,36,2
49,32,0
50,34,2
51,44,3
52,36,2
53,37,1
54,50,8
55,44,7
56,49,12
57,45,3
58,40,3
59,35,3
60,40,0
61,35,2
62,45,4
63,41,2
64,53,10
65,38,3
66,35,2
67,38,5
68,40,2
69,35,6
70,38,2
71,45,6
72,38,3
73,47,4
74,38,2
75,38,0
76,35,0
77,43,3
78,38,0
79,44,5
80,38,4
81,36,0
82,36,4
83,40,3
84,32,0
85,45,9
86,36,1
87,38,1
88,38,2
89,45,10
90,46,6
91,42,3
92,41,3
93,36,2
94,32,1
95,39,5
96,37,3
97,38,3
98,34,1
99,47,7
100,34,0
101,35,1
102,41,5
103,38,2
104,37,4
105,40,5
106,41,1
107,38,2
108,34,1
109,38,3
110,42,3
111,38,3
112,34,1
113,37,4
114,35,1
115,38,2
116,42,4
117,42,3
118,35,1
119,45,5
120,39,5
121,33,0
122,39,2
123,46,8
124,43,6
125,33,1
126,43,5
127,41,5
128,33,0
129,41,6
130,35,2
131,38,0
132,43,5
133,45,7
134,37,3
135,29,0
136,38,1
137,38,3
138,38,5
139,38,2
140,37,2
141,46,9
142,43,0
143,39,2
144,35,0
145,36,1
146,42,6
147,37,3
148,39,5
149,41,2
150,42,2
151,44,6
152,34,1
153,42,2
154,43,4
155,39,4
156,35,3
157,40,2
158,40,5
159,42,1
160,41,6
161,35,0
162,39,3
163,33,2
164,38,2
165,33,0
166,45,3
167,32,1
168,37,1
169,35,0
170,39,2
171,42,10
172,40,3
173,41,3
174,39,5
175,43,6
176,39,4
177,41,8
178,46,8
179,34,1
180,39,2
181,40,5
182,47,9
183,40,2
184,37,2
185,41,4
186,47,6
187,33,0
188,36,1
189,42,4
190,42,7
191,36,2
192,41,3
193,50,6
194,35,1
195,37,3
196,45,2
197,37,0
198,38,2
199,45,9
200,38,3
201,48,11
202,35,0
203,33,2
204,40,6
205,40,2
206,42,3
207,46,10
208,42,6
209,40,3
210,31,0
211,34,1
212,38,2
213,38,1
214,38,1
215,34,1
216,39,5
217,36,0
218,37,2
219,48,6
220,30,0
221,39,3
222,38,3
223,38,0
224,40,5
225,40,2
226,38,0
227,37,2
228,32,0
229,40,2
230,39,2
231,37,2
232,38,5
233,35,2
234,41,2
235,42,5
236,39,2
237,39,2
238,33,1
239,37,2
240,36,0
241,49,9
242,35,1
243,44,9
244,36,3
245,36,2
246,38,4
247,38,2
248,46,6
249,30,0
250,38,1
251,48,9
252,41,6
253,36,3
254,38,5
255,44,3
256,36,2
257,32,0
258,32,0
259,48,12
260,34,0
261,39,1
262,41,6
263,36,1
264,44,9
265,34,3
266,35,3
267,32,1
268,33,1
269,42,2
270,35,4
271,41,5
272,43,6
273,36,2
274,31,0
275,37,1
276,37,0
277,36,0
278,38,1
279,42,6
280,39,4
281,45,1
282,43,7
283,40,5
284,45,3
285,45,6
286,40,2
287,47,4
288,42,5
289,42,9
290,46,6
291,37,1
292,41,1
293,32,0
294,38,2
295,34,0
296,37,0
297,36,0
298,35,0
299,40,2
300,35,0
301,39,4
302,47,8
303,36,1
304,34,0
305,39,3
306,40,3
307,34,0
308,39,5
309,38,3
310,41,2
311,41,2
312,38,3
313,37,2
314,36,1
315,40,5
316,32,1
317,36,1
318,38,1
319,39,1
320,41,5
321,35,0
322,36,2
323,40,3
324,38,3
325,37,3
326,42,7
327,35,0
328,34,2
329,40,6
330,38,2
331,38,2
332,38,4
333,38,2
334,43,10
335,44,6
336,45,8
337,38,1
338,40,4
339,34,0
340,34,1
341,47,5
342,42,5
343,45,4
344,34,1
345,39,3
346,54,10
347,34,0
348,35,3
349,42,2
350,36,2
351,35,0
352,46,6
353,40,5
354,39,3
355,37,4
356,48,5
357,42,4
358,37,2
359,32,0
360,40,3
361,39,7
362,41,2
363,41,2
364,37,2
365,38,3
366,36,4
367,34,0
368,35,2
369,36,4
370,43,5
371,40,1
372,39,2
373,37,2
374,41,2
375,35,1
376,34,0
377,35,1
378,50,6
379,37,4
380,37,2
381,44,7
382,51,7
383,35,2
384,40,5
385,39,0
386,34,4
387,48,8
388,37,1
389,38,2
390,38,4
391,43,6
392,45,10
393,38,0
394,39,0
395,43,6
396,37,1
397,38,2
398,39,3
399,47,10
400,39,2
401,40,3
402,41,6
403,41,7
404,36,7
405,41,7
406,36,3
407,39,1
408,32,0
409,36,1
410,34,0
411,36,1
412,45,8
413,41,0
414,39,0
415,41,3
416,39,6
417,39,5
418,38,2
419,31,1
420,43,4
421,40,5
422,45,4
423,39,4
424,43,2
425,38,1
426,37,1
427,43,5
428,48,9
429,45,5
430,32,0
431,35,1
432,39,6
433,34,0
434,39,2
435,33,0
436,45,10
437,33,0
438,40,2
439,35,0
440,38,1
441,32,0
442,37,2
443,41,4
444,42,6
445,35,0
446,35,0
447,45,6
448,45,5
449,38,3
450,32,1
451,33,0
452,41,4
453,41,0
454,40,4
455,39,6
456,39,3
457,43,8
458,35,0
459,46,4
460,37,4
461,47,5
462,41,4
463,34,0
464,36,1
465,41,6
466,41,2
467,33,0
468,38,2
469,41,2
470,44,2
471,38,4
472,38,2
473,46,9
474,38,0
475,48,10
476,40,2
477,36,1
478,44,7
479,38,0
480,37,1
481,37,2
482,35,1
483,38,3
484,34,0
485,39,2
486,44,5
487,36,2
488,40,3
489,42,7
490,42,8
491,45,7
492,44,5
493,33,1
494,34,1
495,49,9
496,34,2
497,40,5
498,31,0
499,44,6
500,39,3
501,40,3
502,37,2
503,42,4
504,34,2
505,45,5
506,40,1
507,41,2
508,33,0
509,33,1
510,35,0
511,40,1
512,35,0
513,44,4
514,43,3
515,45,2
516,40,2
517,34,3
518,37,1
519,38,6
520,45,5
521,42,3
522,35,3
523,42,5
524,41,3
525,44,4
526,51,19
527,36,1
528,39,5
529,44,5
530,31,0
531,35,0
532,49,13
533,41,5
534,46,7
535,45,7
536,40,7
537,40,1
538,43,8
539,42,2
540,36,1
541,40,5
542,35,2
543,42,5
544,38,1
545,41,2
546,39,4
547,39,3
548,44,5
549,31,0
550,37,3
551,43,3
552,48,6
553,35,1
554,40,4
555,36,2
556,41,3
557,33,1
558,31,2
559,41,3
560,36,0
561,32,0
562,44,2
563,37,2
564,40,2
565,40,3
566,36,1
567,36,2
568,38,2
569,45,10
570,39,4
571,40,3
572,36,1
573,47,10
574,40,4
575,37,0
576,39,0
577,38,4
578,44,6
579,33,1
580,39,6
581,38,5
582,37,4
583,40,1
584,40,3
585,39,1
586,32,1
587,39,2
588,39,4
589,45,4
590,36,1
591,44,7
592,38,3
593,42,11
594,35,0
595,40,4
596,36,6
597,39,4
598,39,2
599,37,2
600,42,2
601,41,2
602,41,4
603,39,3
604,51,8
605,40,4
606,38,3
607,39,6
608,39,1
609,42,4
610,41,5
611,40,1
612,39,1
613,38,2
614,30,0
615,42,5
616,40,3
617,37,2
618,44,4
619,43,5
620,35,1
621,54,15
622,36,1
623,44,3
624,37,0
625,37,3
626,38,5
627,39,1
628,40,1
629,42,8
630,40,3
631,41,6
632,40,8
633,40,3
634,38,2
635,42,5
636,36,3
637,40,3
638,36,1
639,38,5
640,43,4
641,36,0
642,37,3
643,39,4
644,35,2
645,38,2
646,37,1
647,28,0
648,36,0
649,42,3
650,47,5
651,41,4
652,44,3
653,48,10
654,33,0
655,44,7
656,42,7
657,33,1
658,38,1
659,44,5
660,34,1
661,36,1
662,43,4
663,32,0
664,34,0
665,40,3
666,36,3
667,37,3
668,40,3
669,42,4
670,35,0
671,35,0
672,43,3
673,36,0
674,34,1
675,39,1
676,38,5
677,38,2
678,45,2
679,46,6
680,43,3
681,34,0
682,36,4
683,37,4
684,37,1
685,35,1
686,41,2
687,47,7
688,44,8
689,40,3
690,39,0
691,33,0
692,36,2
693,38,3
694,35,0
695,45,5
696,41,1
697,43,5
698,40,1
699,34,0
700,39,5
701,43,4
702,39,4
703,38,0
704,35,0
705,34,0
706,33,1
707,37,1
708,37,4
709,44,6
710,39,0
711,39,5
712,32,2
713,40,5
714,31,0
715,36,1
716,34,1
717,35,3
718,42,4
719,35,0
720,37,1
721,40,3
722,41,3
723,42,3
724,37,4
725,37,2
726,45,4
727,39,2
728,42,2
729,34,0
730,43,7
731,34,0
732,35,3
733,40,4
734,36,1
735,44,5
736,45,6
737,41,6
738,41,2
739,35,3
740,39,3
741,39,5
742,35,0
743,36,1
744,33,0
745,43,6
746,35,3
747,35,1
748,37,2
749,40,0
750,41,3
751,40,2
752,42,6
753,38,2
754,42,3
755,38,5
756,39,1
757,40,5
758,34,0
759,41,4
760,41,5
761,34,0
762,46,9
763,41,2
764,42,4
765,39,2
766,44,3
767,38,2
768,34,0
769,44,3
770,35,5
771,37,2
772,37,2
773,40,6
774,46,7
775,38,1
776,44,5
777,39,3
778,38,2
779,32,0
780,47,8
781,42,3
782,36,1
783,38,2
784,37,4
785,36,1
786,41,2
787,33,2
788,33,0
789,37,2
790,40,3
791,36,1
792,45,2
793,38,1
794,42,3
795,43,6
796,42,2
797,36,2
798,43,6
799,42,5
800,42,5
801,32,0
802,38,3
803,44,7
804,33,0
805,39,1
806,40,3
807,38,2
808,47,4
809,37,2
810,48,10
811,43,4
812,42,3
813,37,6
814,35,4
815,43,4
816,38,3
817,38,2
818,35,0
819,36,0
820,39,2
821,40,4
822,41,1
823,43,3
824,44,6
825,38,4
826,42,5
827,41,1
828,33,1
829,45,5
830,40,1
831,33,2
832,38,4
833,41,6
834,32,0
835,39,4
836,34,2
837,39,3
838,39,4
839,37,3
840,37,0
841,33,0
842,40,2
843,45,5
844,35,3
845,34,1
846,44,3
847,37,1
848,35,1
849,34,2
850,37,1
851,50,8
852,42,5
853,37,2
854,39,2
855,35,0
856,35,3
857,38,3
858,46,5
859,40,0
860,36,0
861,33,0
862,36,3
863,37,3
864,34,0
865,40,6
866,32,2
867,37,1
868,38,1
869,39,1
870,38,1
871,37,4
872,44,6
873,42,5
874,42,7
875,38,3
876,37,2
877,31,2
878,35,0
879,37,2
880,39,5
881,39,0
882,35,0
883,35,1
884,43,4
885,43,6
886,42,3
887,39,3
888,46,8
889,37,1
890,35,0
891,33,1
892,35,1
893,36,2
894,41,4
895,43,3
896,44,7
897,39,2
898,36,0
899,41,5
900,36,0
901,34,0
902,43,7
903,43,9
904,38,4
905,35,3
906,34,0
907,45,5
908,38,4
909,41,4
910,42,3
911,41,5
912,41,6
913,44,3
914,43,6
915,49,8
916,48,6
917,43,2
918,39,2
919,40,1
920,39,1
921,35,1
922,33,0
923,44,9
924,30,1
925,43,7
926,33,1
927,34,1
928,45,10
929,35,0
930,40,2
931,35,1
932,40,0
933,37,1
934,49,7
935,39,1
936,48,8
937,41,3
938,38,1
939,36,2
940,43,6
941,37,2
942,41,5
943,42,6
944,38,2
945,39,1
946,39,4
947,42,7
948,38,1
949,31,0
950,46,11
951,43,9
952,38,3
953,48,6
954,38,4
955,36,2
956,40,4
957,30,0
958,40,2
959,41,3
960,32,0
961,39,6
962,49,8
963,47,6
964,42,2
965,37,1
966,42,6
967,39,2
968,39,2
969,42,9
970,36,1
971,33,1
972,33,0
973,40,4
974,31,0
975,36,1
976,47,9
977,41,3
978,37,1
979,44,6
980,35,2
981,36,2
982,43,5
983,41,3
984,36,2
985,43,3
986,36,3
987,37,3
988,36,2
989,35,1
990,38,3
991,39,1
992,34,2
993,41,6
994,43,3
995,40,1
996,39,5
997,42,4
998,41,3
999,49,7
1000,37,0
