NUM,ATBAT,SCORE
1,40,6
2,37,2
3,38,4
4,38,3
5,41,3
6,38,2
7,46,5
8,46,7
9,40,2
10,37,5
11,41,6
12,48,9
13,51,13
14,44,5
15,48,12
16,40,2
17,41,2
18,36,4
19,44,6
20,37,1
21,46,8
22,42,4
23,45,6
24,38,2
25,43,6
26,38,4
27,39,1
28,38,6
29,42,6
30,45,12
31,38,2
32,46,9
33,38,6
34,42,8
35,46,5
36,38,6
37,36,2
38,37,2
39,49,10
40,42,6
41,44,6
42,43,5
43,37,0
44,43,8
45,38,2
46,41,2
47,44,12
48,44,3
49,40,4
50,40,5
51,45,6
52,42,4
53,47,7
54,36,1
55,48,8
56,41,3
57,43,6
58,38,5
59,35,2
60,42,3
61,31,2
62,38,2
63,47,9
64,38,6
65,42,2
66,35,1
67,43,6
68,35,4
69,47,11
70,45,6
71,45,4
72,48,8
73,42,3
74,40,6
75,49,11
76,53,12
77,34,0
78,36,1
79,44,7
80,44,10
81,40,4
82,41,5
83,47,5
84,36,1
85,39,2
86,39,1
87,38,3
88,43,4
89,39,1
90,40,2
91,46,9
92,45,12
93,38,5
94,46,4
95,46,7
96,38,2
97,32,1
98,43,4
99,43,8
100,45,7
101,36,2
102,49,10
103,38,2
104,42,10
105,46,12
106,39,0
107,50,14
108,45,7
109,40,2
110,50,9
111,39,4
112,45,5
113,45,5
114,41,4
115,35,1
116,41,6
117,40,4
118,41,9
119,34,1
120,46,9
121,40,2
122,31,2
123,46,7
124,42,7
125,43,5
126,44,8
127,44,8
128,40,3
129,42,1
130,42,4
131,41,4
132,40,6
133,45,4
134,45,11
135,38,6
136,37,3
137,38,2
138,37,2
139,36,6
140,36,5
141,46,8
142,39,4
143,39,3
144,35,0
145,38,1
146,37,3
147,37,3
148,45,9
149,43,6
150,37,3
151,42,4
152,35,1
153,35,0
154,47,6
155,40,6
156,45,8
157,44,5
158,35,1
159,40,2
160,45,7
161,40,3
162,44,5
163,36,2
164,53,13
165,35,1
166,52,16
167,44,3
168,38,2
169,39,4
170,46,12
171,35,3
172,38,1
173,43,4
174,49,15
175,40,2
176,41,4
177,38,4
178,34,4
179,40,7
180,41,9
181,47,7
182,42,4
183,46,8
184,36,2
185,39,2
186,35,0
187,41,3
188,38,4
189,44,2
190,37,7
191,42,6
192,37,3
193,46,10
194,41,7
195,48,7
196,38,4
197,43,5
198,38,4
199,44,8
200,42,4
201,35,3
202,42,6
203,45,7
204,41,4
205,35,3
206,40,7
207,40,5
208,48,11
209,42,6
210,43,6
211,41,7
212,46,9
213,37,1
214,44,4
215,42,3
216,45,10
217,47,7
218,44,6
219,37,0
220,39,5
221,38,0
222,32,4
223,39,2
224,40,9
225,41,5
226,41,6
227,46,9
228,42,6
229,48,12
230,42,4
231,48,12
232,47,10
233,42,8
234,35,3
235,48,11
236,48,4
237,35,2
238,39,4
239,44,5
240,46,8
241,41,3
242,34,2
243,43,4
244,41,9
245,45,6
246,43,5
247,47,4
248,40,2
249,40,5
250,42,6
251,39,2
252,36,2
253,38,3
254,47,9
255,37,2
256,43,7
257,36,1
258,38,3
259,36,2
260,36,2
261,40,7
262,41,7
263,40,6
264,33,3
265,47,8
266,42,9
267,39,2
268,40,5
269,33,1
270,42,7
271,38,1
272,44,5
273,39,3
274,42,7
275,39,3
276,42,7
277,38,0
278,44,7
279,36,0
280,43,6
281,43,4
282,52,18
283,34,1
284,43,7
285,40,4
286,45,7
287,42,3
288,43,10
289,46,5
290,39,5
291,48,10
292,46,7
293,42,5
294,42,7
295,46,7
296,49,10
297,48,10
298,44,6
299,42,4
300,39,3
301,43,7
302,41,6
303,32,0
304,35,3
305,36,6
306,44,7
307,44,8
308,41,1
309,42,4
310,32,0
311,46,10
312,39,5
313,40,3
314,40,4
315,45,9
316,50,15
317,41,2
318,45,11
319,39,1
320,49,9
321,44,5
322,39,5
323,32,0
324,51,9
325,48,9
326,34,0
327,41,3
328,36,2
329,40,3
330,34,1
331,40,5
332,41,5
333,36,1
334,42,5
335,38,2
336,31,2
337,39,3
338,34,2
339,34,0
340,37,3
341,40,3
342,41,2
343,41,3
344,40,2
345,36,0
346,42,5
347,49,10
348,44,8
349,40,3
350,42,6
351,48,11
352,37,3
353,53,14
354,45,7
355,40,6
356,47,11
357,39,5
358,36,4
359,42,5
360,45,7
361,46,6
362,43,10
363,48,12
364,34,2
365,52,11
366,52,13
367,46,8
368,44,4
369,38,0
370,51,12
371,35,2
372,41,9
373,52,9
374,35,1
375,42,9
376,47,8
377,45,6
378,47,10
379,43,6
380,47,5
381,44,6
382,39,5
383,48,11
384,40,3
385,46,9
386,38,2
387,40,1
388,42,8
389,38,1
390,38,1
391,40,4
392,46,9
393,36,2
394,43,5
395,42,6
396,44,8
397,48,9
398,39,2
399,44,6
400,39,4
401,43,9
402,34,0
403,45,5
404,38,5
405,38,4
406,43,11
407,41,8
408,42,5
409,42,4
410,45,4
411,38,0
412,36,2
413,47,9
414,40,5
415,38,4
416,50,7
417,45,8
418,39,3
419,42,3
420,35,4
421,48,10
422,42,7
423,49,5
424,39,1
425,39,3
426,43,7
427,37,0
428,48,6
429,39,5
430,56,14
431,47,11
432,38,4
433,44,3
434,37,6
435,45,7
436,42,3
437,39,3
438,37,2
439,39,3
440,36,4
441,40,3
442,38,3
443,42,3
444,45,6
445,33,2
446,41,2
447,45,11
448,39,5
449,47,12
450,43,5
451,32,0
452,50,9
453,44,6
454,35,5
455,36,0
456,34,0
457,44,4
458,41,6
459,37,6
460,40,5
461,36,8
462,39,6
463,38,3
464,41,8
465,40,2
466,48,3
467,37,2
468,45,6
469,44,1
470,39,2
471,40,4
472,54,14
473,52,9
474,35,1
475,43,3
476,41,5
477,44,5
478,43,8
479,39,3
480,45,8
481,42,3
482,40,3
483,38,6
484,44,4
485,39,5
486,43,4
487,43,5
488,36,2
489,38,5
490,35,1
491,39,4
492,46,6
493,37,0
494,45,5
495,42,7
496,40,2
497,41,3
498,45,8
499,44,10
500,45,5
501,40,4
502,40,4
503,45,5
504,43,6
505,42,7
506,49,10
507,38,4
508,33,2
509,36,0
510,51,6
511,36,6
512,37,4
513,48,9
514,40,6
515,41,5
516,37,7
517,38,0
518,38,2
519,40,3
520,41,2
521,39,2
522,46,8
523,42,4
524,42,4
525,51,13
526,44,7
527,39,1
528,41,8
529,40,4
530,48,7
531,41,4
532,35,2
533,40,0
534,33,3
535,38,4
536,36,1
537,35,4
538,37,0
539,37,3
540,42,5
541,44,10
542,45,6
543,40,6
544,45,15
545,39,3
546,35,6
547,41,4
548,42,4
549,41,8
550,53,12
551,41,7
552,42,3
553,39,3
554,57,14
555,38,3
556,45,5
557,44,5
558,42,5
559,45,10
560,45,5
561,47,8
562,43,4
563,49,11
564,44,7
565,33,0
566,45,9
567,32,0
568,43,7
569,45,6
570,51,11
571,39,3
572,47,7
573,39,4
574,39,5
575,52,14
576,36,2
577,41,2
578,40,4
579,51,14
580,36,1
581,46,6
582,37,1
583,39,2
584,40,5
585,35,4
586,46,7
587,39,3
588,50,7
589,37,2
590,40,5
591,36,2
592,46,7
593,43,7
594,38,6
595,40,4
596,40,2
597,41,4
598,45,7
599,38,2
600,42,5
601,43,7
602,40,7
603,54,12
604,37,4
605,44,3
606,47,8
607,37,2
608,39,5
609,36,3
610,38,1
611,34,1
612,44,7
613,36,2
614,36,1
615,41,9
616,40,5
617,49,13
618,52,13
619,45,9
620,34,3
621,48,6
622,44,11
623,43,3
624,53,18
625,36,1
626,32,3
627,35,2
628,35,2
629,39,4
630,43,2
631,35,4
632,48,13
633,33,0
634,44,6
635,44,4
636,46,10
637,42,6
638,37,3
639,42,4
640,41,4
641,47,6
642,48,9
643,49,7
644,44,7
645,47,3
646,38,4
647,37,0
648,39,5
649,36,1
650,42,5
651,41,5
652,41,3
653,41,8
654,41,4
655,43,2
656,43,5
657,38,3
658,41,2
659,45,7
660,40,2
661,38,7
662,46,8
663,40,4
664,35,3
665,34,1
666,46,7
667,35,3
668,33,0
669,41,5
670,44,6
671,33,4
672,47,8
673,44,6
674,37,3
675,45,5
676,46,9
677,36,4
678,46,7
679,42,5
680,43,5
681,48,11
682,35,2
683,35,2
684,43,9
685,36,1
686,39,4
687,40,6
688,40,5
689,34,2
690,38,3
691,40,4
692,38,4
693,39,4
694,39,6
695,39,2
696,44,5
697,44,7
698,41,6
699,41,3
700,47,4
701,36,2
702,35,3
703,36,1
704,42,2
705,48,10
706,33,2
707,50,10
708,41,5
709,45,8
710,47,11
711,39,3
712,44,6
713,39,3
714,41,8
715,40,6
716,40,3
717,44,7
718,40,3
719,44,8
720,42,9
721,43,4
722,39,2
723,48,11
724,39,4
725,37,0
726,54,10
727,47,9
728,36,2
729,46,8
730,42,9
731,35,1
732,44,8
733,38,2
734,45,8
735,36,4
736,37,3
737,36,1
738,43,6
739,39,6
740,38,1
741,40,6
742,35,1
743,37,5
744,42,6
745,41,9
746,39,5
747,42,4
748,41,8
749,40,4
750,36,0
751,42,3
752,42,4
753,45,7
754,38,5
755,47,7
756,42,7
757,36,2
758,33,1
759,32,2
760,51,12
761,43,8
762,41,8
763,32,3
764,52,12
765,47,5
766,37,4
767,43,5
768,45,10
769,39,5
770,39,7
771,41,2
772,34,1
773,38,7
774,40,7
775,46,9
776,47,8
777,41,2
778,44,6
779,50,13
780,45,7
781,44,6
782,43,6
783,47,14
784,39,3
785,42,5
786,42,4
787,39,4
788,34,4
789,47,9
790,44,6
791,46,3
792,36,0
793,44,4
794,35,1
795,43,6
796,37,1
797,37,0
798,48,12
799,42,7
800,43,7
801,45,9
802,43,5
803,44,7
804,51,14
805,37,5
806,41,7
807,45,13
808,39,5
809,40,7
810,35,1
811,39,7
812,38,5
813,38,2
814,36,5
815,41,1
816,33,1
817,34,1
818,45,4
819,43,9
820,37,1
821,45,11
822,40,3
823,43,2
824,46,6
825,36,4
826,44,9
827,49,12
828,36,2
829,49,8
830,35,0
831,39,4
832,36,0
833,43,8
834,45,10
835,39,5
836,46,11
837,45,8
838,40,6
839,43,7
840,51,13
841,47,7
842,43,8
843,44,9
844,44,6
845,49,13
846,37,4
847,44,7
848,37,1
849,44,10
850,43,4
851,42,3
852,37,1
853,42,6
854,40,10
855,41,4
856,37,2
857,48,10
858,32,1
859,41,6
860,43,5
861,46,10
862,42,5
863,46,4
864,37,4
865,45,12
866,45,7
867,39,6
868,34,2
869,43,7
870,35,2
871,50,9
872,55,14
873,37,4
874,36,3
875,45,6
876,44,7
877,39,1
878,44,9
879,46,11
880,50,12
881,37,3
882,38,3
883,39,7
884,34,2
885,40,5
886,37,3
887,36,1
888,44,10
889,48,9
890,46,7
891,36,2
892,38,4
893,42,4
894,39,8
895,31,1
896,46,8
897,43,6
898,41,6
899,32,1
900,42,7
901,41,6
902,42,2
903,33,0
904,45,11
905,42,5
906,49,7
907,51,11
908,51,10
909,34,2
910,40,8
911,45,2
912,32,1
913,39,2
914,42,4
915,39,1
916,34,0
917,40,5
918,44,12
919,38,4
920,45,7
921,44,5
922,40,2
923,54,16
924,42,4
925,46,10
926,37,5
927,44,10
928,50,12
929,40,4
930,39,1
931,43,2
932,39,5
933,36,1
934,40,8
935,35,2
936,36,4
937,54,13
938,39,10
939,44,7
940,41,3
941,38,2
942,38,4
943,45,7
944,38,4
945,41,5
946,39,4
947,45,8
948,40,2
949,36,2
950,50,11
951,47,10
952,56,18
953,40,5
954,46,6
955,41,4
956,37,2
957,46,13
958,40,3
959,46,10
960,44,8
961,42,6
962,52,16
963,43,5
964,36,3
965,40,6
966,41,7
967,38,4
968,48,10
969,41,5
970,44,3
971,41,4
972,40,3
973,39,2
974,46,10
975,49,10
976,38,4
977,37,1
978,42,4
979,42,8
980,44,5
981,40,8
982,45,6
983,35,0
984,40,3
985,53,13
986,39,7
987,44,5
988,40,4
989,39,9
990,45,6
991,38,1
992,37,5
993,39,5
994,45,10
995,35,1
996,39,4
997,52,9
998,38,2
999,40,3
1000,39,3
