NUM,ATBAT,SCORE
1,37,6
2,41,9
3,41,6
4,43,6
5,38,5
6,39,1
7,36,1
8,55,18
9,50,10
10,41,7
11,44,9
12,39,4
13,40,3
14,40,8
15,40,3
16,38,5
17,40,3
18,47,7
19,40,5
20,44,10
21,42,4
22,46,4
23,41,6
24,43,9
25,50,12
26,47,8
27,37,4
28,36,3
29,35,3
30,37,3
31,47,5
32,39,1
33,39,3
34,43,7
35,40,7
36,40,2
37,37,6
38,41,1
39,35,4
40,46,7
41,46,9
42,45,7
43,43,11
44,35,3
45,38,2
46,36,3
47,42,4
48,36,2
49,45,8
50,41,7
51,47,11
52,40,5
53,44,11
54,45,10
55,37,4
56,40,2
57,40,5
58,46,10
59,43,7
60,38,4
61,39,4
62,38,1
63,46,9
64,42,4
65,41,6
66,39,8
67,50,11
68,37,3
69,38,2
70,40,4
71,39,3
72,47,4
73,32,0
74,37,8
75,42,8
76,46,10
77,42,6
78,40,5
79,44,3
80,31,0
81,41,5
82,39,5
83,47,8
84,41,5
85,37,5
86,43,6
87,47,5
88,45,10
89,46,4
90,41,5
91,47,6
92,44,4
93,41,6
94,58,24
95,37,2
96,47,7
97,42,4
98,43,4
99,37,3
100,43,5
101,47,8
102,39,5
103,40,2
104,40,4
105,41,5
106,39,2
107,39,1
108,48,8
109,42,9
110,44,11
111,36,5
112,38,4
113,42,4
114,37,2
115,44,6
116,32,2
117,33,2
118,45,10
119,38,6
120,40,3
121,36,2
122,38,6
123,36,0
124,49,5
125,46,8
126,39,2
127,42,7
128,40,3
129,31,0
130,37,3
131,42,6
132,47,4
133,41,7
134,40,8
135,45,8
136,37,3
137,39,3
138,38,3
139,41,3
140,43,8
141,41,2
142,41,5
143,42,1
144,40,4
145,45,5
146,42,4
147,41,3
148,50,6
149,43,6
150,47,9
151,42,8
152,36,2
153,46,6
154,45,6
155,39,1
156,36,8
157,35,2
158,46,5
159,40,5
160,33,1
161,40,3
162,38,4
163,42,0
164,39,2
165,50,10
166,42,6
167,40,7
168,38,3
169,45,8
170,40,2
171,39,4
172,34,0
173,37,3
174,34,0
175,37,1
176,41,4
177,49,21
178,35,0
179,48,7
180,41,7
181,36,2
182,40,6
183,50,7
184,48,9
185,37,5
186,40,5
187,37,5
188,35,0
189,35,1
190,38,3
191,46,3
192,43,4
193,42,3
194,35,3
195,42,6
196,50,15
197,43,11
198,39,3
199,48,11
200,39,3
201,39,4
202,36,6
203,39,5
204,44,5
205,35,0
206,38,3
207,44,7
208,38,7
209,34,4
210,41,4
211,39,2
212,48,9
213,39,4
214,42,3
215,39,4
216,32,3
217,40,7
218,38,5
219,39,2
220,49,8
221,41,2
222,37,5
223,39,4
224,34,4
225,36,5
226,39,4
227,40,5
228,43,5
229,37,2
230,37,2
231,40,3
232,48,6
233,37,1
234,38,2
235,41,6
236,48,15
237,43,9
238,44,7
239,31,1
240,44,7
241,33,2
242,49,11
243,38,5
244,42,4
245,41,8
246,41,5
247,41,4
248,43,7
249,44,7
250,34,1
251,34,1
252,44,3
253,40,6
254,42,3
255,41,5
256,40,3
257,37,5
258,48,6
259,38,1
260,41,5
261,41,4
262,41,2
263,50,11
264,49,13
265,37,2
266,39,2
267,44,7
268,35,3
269,44,9
270,53,12
271,49,14
272,40,7
273,46,8
274,39,3
275,45,10
276,44,9
277,43,6
278,47,9
279,31,1
280,41,5
281,37,5
282,43,2
283,37,2
284,33,2
285,33,1
286,44,5
287,43,4
288,39,2
289,36,1
290,51,14
291,33,2
292,42,8
293,49,11
294,44,7
295,38,3
296,44,4
297,48,8
298,41,6
299,44,7
300,50,11
301,39,0
302,38,7
303,48,15
304,40,7
305,36,1
306,36,4
307,40,3
308,40,9
309,33,1
310,42,4
311,45,10
312,42,6
313,35,4
314,41,6
315,40,7
316,38,3
317,37,7
318,43,9
319,43,9
320,43,5
321,40,6
322,42,3
323,56,15
324,39,3
325,36,3
326,43,6
327,41,6
328,39,3
329,49,9
330,41,3
331,44,6
332,41,5
333,38,0
334,39,6
335,35,2
336,33,3
337,44,9
338,46,4
339,44,7
340,37,0
341,46,10
342,36,5
343,45,6
344,43,4
345,42,8
346,45,10
347,50,8
348,37,1
349,43,6
350,37,3
351,47,12
352,51,15
353,45,6
354,38,3
355,46,8
356,42,4
357,46,10
358,47,13
359,42,2
360,41,5
361,39,2
362,37,3
363,39,1
364,37,6
365,53,17
366,55,14
367,45,7
368,43,8
369,46,8
370,40,7
371,48,6
372,38,7
373,42,5
374,42,6
375,39,6
376,38,6
377,38,4
378,33,3
379,37,3
380,31,0
381,49,11
382,40,4
383,36,3
384,44,7
385,33,0
386,41,7
387,41,6
388,44,6
389,40,6
390,39,3
391,36,5
392,39,8
393,39,3
394,45,11
395,36,0
396,39,3
397,40,5
398,46,5
399,34,2
400,38,5
401,42,6
402,36,1
403,41,4
404,35,3
405,36,2
406,39,4
407,36,4
408,35,0
409,42,3
410,42,6
411,44,2
412,39,2
413,41,7
414,49,9
415,42,8
416,43,4
417,43,11
418,42,6
419,40,7
420,34,1
421,44,3
422,51,15
423,45,11
424,40,3
425,45,6
426,45,10
427,46,7
428,39,4
429,38,4
430,42,3
431,35,2
432,49,13
433,48,7
434,45,6
435,51,10
436,44,5
437,35,2
438,43,5
439,37,2
440,36,2
441,46,10
442,41,4
443,45,8
444,36,3
445,40,1
446,46,6
447,40,3
448,41,8
449,51,7
450,47,5
451,41,2
452,38,1
453,36,4
454,44,7
455,38,2
456,42,8
457,41,5
458,39,5
459,48,11
460,44,10
461,35,1
462,40,3
463,39,6
464,31,0
465,43,6
466,44,2
467,47,3
468,46,7
469,38,2
470,45,9
471,40,6
472,39,6
473,37,3
474,45,9
475,39,3
476,41,2
477,38,6
478,42,7
479,38,2
480,40,6
481,45,9
482,41,4
483,45,5
484,37,1
485,44,8
486,48,9
487,43,4
488,46,6
489,37,0
490,48,13
491,37,4
492,37,2
493,38,3
494,37,6
495,47,7
496,43,2
497,38,3
498,46,15
499,43,4
500,41,2
501,38,3
502,42,3
503,32,2
504,41,8
505,40,2
506,36,2
507,34,2
508,47,11
509,35,2
510,38,5
511,33,3
512,51,14
513,46,11
514,39,4
515,38,2
516,47,10
517,45,7
518,42,6
519,34,3
520,53,11
521,44,12
522,51,10
523,41,8
524,43,5
525,36,1
526,35,2
527,38,5
528,44,5
529,47,10
530,44,5
531,46,9
532,39,2
533,37,0
534,36,4
535,37,6
536,39,1
537,40,6
538,44,6
539,39,4
540,50,10
541,37,1
542,42,6
543,41,6
544,53,12
545,42,6
546,43,5
547,37,3
548,42,6
549,36,5
550,37,1
551,36,2
552,43,8
553,38,4
554,38,2
555,36,1
556,40,3
557,41,5
558,39,5
559,36,2
560,40,3
561,44,6
562,38,3
563,31,1
564,49,13
565,46,6
566,36,2
567,41,8
568,42,5
569,37,0
570,38,3
571,46,4
572,44,8
573,44,8
574,38,4
575,35,3
576,39,1
577,46,9
578,38,3
579,43,10
580,38,4
581,40,5
582,45,9
583,38,2
584,44,5
585,44,7
586,44,8
587,44,5
588,46,6
589,39,2
590,43,7
591,48,12
592,40,4
593,44,8
594,48,7
595,47,9
596,34,2
597,41,2
598,47,10
599,38,3
600,46,9
601,37,1
602,45,8
603,42,0
604,39,7
605,47,9
606,36,1
607,51,15
608,50,6
609,44,6
610,33,0
611,47,6
612,37,0
613,47,13
614,37,4
615,43,6
616,44,8
617,45,9
618,45,5
619,40,8
620,53,12
621,40,5
622,33,2
623,37,1
624,42,4
625,41,7
626,47,6
627,38,1
628,46,8
629,46,11
630,52,12
631,47,11
632,42,5
633,44,6
634,37,2
635,48,13
636,41,3
637,34,3
638,46,10
639,45,5
640,52,11
641,32,0
642,38,3
643,54,16
644,35,0
645,45,6
646,40,7
647,40,2
648,36,2
649,40,7
650,39,2
651,35,3
652,37,5
653,44,4
654,43,8
655,41,3
656,37,4
657,43,5
658,35,1
659,42,5
660,38,5
661,46,8
662,41,6
663,40,8
664,40,4
665,35,2
666,39,8
667,35,2
668,39,3
669,40,5
670,47,10
671,35,3
672,41,2
673,50,10
674,41,4
675,55,19
676,42,5
677,44,10
678,41,3
679,38,3
680,30,1
681,35,2
682,39,4
683,42,8
684,37,0
685,44,6
686,39,0
687,40,2
688,36,5
689,37,4
690,46,7
691,36,1
692,48,15
693,43,7
694,41,7
695,35,2
696,39,3
697,42,3
698,42,8
699,39,2
700,42,2
701,40,1
702,32,1
703,41,5
704,37,1
705,34,1
706,38,6
707,41,5
708,37,4
709,47,9
710,37,4
711,48,12
712,40,1
713,44,11
714,35,1
715,41,4
716,36,5
717,45,7
718,46,8
719,54,15
720,44,10
721,40,4
722,34,1
723,39,3
724,42,4
725,38,7
726,47,14
727,36,2
728,32,1
729,46,9
730,35,3
731,42,3
732,34,1
733,41,7
734,38,3
735,34,1
736,37,5
737,36,3
738,44,7
739,39,5
740,44,12
741,35,1
742,41,6
743,36,6
744,41,7
745,39,2
746,43,4
747,35,0
748,39,2
749,39,4
750,39,5
751,45,8
752,38,3
753,36,3
754,39,5
755,40,3
756,49,7
757,38,0
758,37,3
759,39,2
760,49,14
761,42,7
762,39,3
763,43,6
764,44,3
765,41,5
766,41,3
767,50,13
768,41,4
769,39,3
770,40,8
771,48,6
772,50,12
773,40,6
774,47,7
775,40,5
776,48,14
777,45,6
778,44,8
779,29,1
780,41,3
781,40,3
782,44,7
783,41,9
784,41,3
785,35,4
786,47,9
787,38,0
788,34,3
789,44,6
790,48,10
791,43,8
792,45,11
793,44,3
794,37,3
795,36,0
796,39,5
797,37,3
798,39,5
799,36,6
800,49,10
801,47,8
802,55,17
803,36,0
804,42,6
805,34,0
806,47,9
807,37,3
808,35,0
809,38,4
810,43,11
811,42,6
812,35,6
813,43,4
814,39,5
815,38,2
816,39,3
817,35,1
818,40,2
819,38,1
820,51,15
821,34,3
822,34,3
823,49,6
824,46,11
825,34,4
826,46,6
827,42,5
828,37,1
829,38,1
830,39,7
831,43,11
832,33,2
833,44,4
834,53,15
835,33,4
836,39,3
837,41,2
838,41,5
839,47,11
840,49,12
841,49,12
842,47,7
843,39,3
844,43,4
845,47,5
846,50,9
847,54,14
848,53,15
849,39,1
850,33,1
851,46,11
852,47,8
853,45,7
854,37,2
855,44,7
856,35,2
857,41,7
858,36,3
859,40,3
860,41,7
861,36,1
862,40,10
863,44,4
864,32,0
865,44,8
866,45,9
867,40,7
868,43,3
869,35,6
870,42,7
871,38,4
872,41,4
873,39,5
874,40,4
875,37,2
876,40,2
877,36,2
878,40,7
879,41,8
880,39,4
881,41,4
882,47,11
883,46,7
884,45,12
885,41,5
886,35,2
887,39,8
888,43,3
889,47,11
890,41,4
891,38,2
892,43,8
893,35,0
894,55,12
895,48,9
896,37,3
897,42,4
898,46,11
899,50,9
900,40,9
901,43,9
902,42,3
903,39,6
904,43,5
905,40,3
906,43,2
907,36,0
908,43,5
909,33,2
910,40,3
911,48,8
912,33,0
913,40,1
914,40,4
915,39,3
916,38,5
917,40,7
918,50,15
919,44,6
920,53,10
921,41,2
922,39,5
923,45,9
924,38,4
925,38,6
926,37,1
927,42,4
928,45,7
929,49,13
930,43,2
931,47,8
932,51,14
933,40,3
934,34,2
935,44,8
936,38,6
937,33,1
938,41,4
939,42,8
940,38,4
941,44,9
942,40,0
943,42,6
944,49,9
945,38,5
946,45,7
947,39,7
948,39,2
949,46,9
950,41,3
951,40,5
952,37,6
953,37,4
954,41,3
955,34,1
956,38,3
957,38,1
958,47,9
959,42,5
960,44,5
961,40,3
962,39,0
963,42,6
964,43,5
965,36,4
966,49,8
967,38,1
968,53,8
969,34,2
970,36,1
971,48,11
972,31,0
973,36,2
974,51,13
975,38,4
976,37,4
977,57,11
978,40,8
979,38,4
980,39,5
981,41,7
982,34,1
983,43,7
984,43,8
985,38,4
986,34,1
987,43,5
988,45,8
989,42,4
990,39,2
991,38,3
992,36,2
993,39,8
994,49,10
995,37,3
996,43,9
997,40,6
998,39,5
999,47,10
1000,38,3
