NUM,ATBAT,SCORE
1,39,3
2,32,1
3,35,1
4,43,2
5,43,2
6,43,5
7,38,6
8,36,1
9,43,5
10,35,0
11,43,4
12,39,3
13,42,6
14,43,8
15,35,1
16,36,1
17,38,1
18,35,1
19,48,6
20,43,7
21,41,7
22,42,4
23,46,7
24,44,4
25,31,1
26,48,5
27,44,10
28,37,3
29,41,5
30,44,6
31,35,5
32,40,3
33,39,1
34,36,0
35,33,1
36,45,8
37,37,1
38,40,3
39,35,0
40,44,2
41,33,0
42,43,4
43,39,4
44,32,1
45,41,3
46,37,2
47,39,5
48,39,3
49,31,0
50,39,1
51,38,6
52,41,3
53,41,5
54,42,1
55,39,0
56,44,4
57,39,2
58,39,2
59,43,5
60,37,1
61,33,0
62,41,7
63,39,1
64,47,7
65,41,2
66,39,7
67,32,0
68,39,1
69,46,9
70,40,3
71,37,3
72,39,3
73,35,0
74,48,9
75,40,4
76,45,10
77,41,2
78,40,2
79,33,1
80,39,6
81,41,2
82,45,2
83,33,0
84,36,0
85,36,0
86,38,4
87,38,3
88,43,5
89,36,2
90,39,4
91,42,5
92,35,1
93,36,3
94,42,5
95,34,0
96,40,1
97,43,2
98,37,1
99,39,2
100,37,1
101,39,4
102,35,2
103,34,0
104,49,10
105,38,1
106,35,2
107,42,2
108,41,0
109,42,5
110,36,2
111,36,0
112,40,1
113,43,5
114,32,1
115,34,0
116,41,3
117,38,3
118,31,0
119,35,0
120,45,8
121,33,3
122,37,2
123,38,3
124,49,8
125,41,2
126,36,5
127,44,5
128,32,0
129,40,0
130,39,2
131,33,1
132,45,4
133,38,2
134,41,5
135,39,4
136,41,5
137,40,3
138,53,15
139,46,10
140,34,4
141,36,1
142,35,2
143,46,5
144,41,3
145,44,4
146,37,1
147,40,4
148,37,3
149,37,1
150,37,0
151,45,6
152,43,4
153,38,5
154,45,3
155,38,7
156,47,8
157,34,0
158,43,5
159,41,3
160,41,1
161,43,4
162,37,1
163,36,1
164,35,0
165,40,0
166,35,3
167,38,4
168,35,0
169,39,1
170,39,7
171,30,0
172,37,1
173,40,2
174,37,3
175,48,7
176,37,0
177,37,1
178,40,5
179,43,7
180,39,2
181,36,1
182,44,6
183,38,1
184,39,0
185,37,3
186,41,2
187,35,1
188,41,4
189,38,2
190,33,0
191,44,6
192,36,0
193,43,1
194,39,6
195,41,6
196,37,2
197,43,5
198,33,0
199,37,4
200,33,1
201,46,11
202,31,1
203,36,0
204,37,0
205,43,5
206,34,0
207,34,0
208,39,4
209,46,6
210,41,3
211,33,0
212,39,3
213,41,3
214,39,1
215,36,2
216,38,3
217,38,2
218,32,0
219,43,3
220,37,2
221,43,8
222,51,11
223,41,1
224,45,4
225,39,4
226,44,1
227,35,0
228,41,5
229,41,4
230,41,3
231,43,5
232,36,0
233,38,2
234,41,2
235,39,7
236,33,0
237,37,5
238,45,5
239,36,0
240,47,3
241,32,1
242,49,4
243,41,3
244,43,6
245,37,5
246,33,0
247,34,2
248,34,0
249,34,0
250,34,0
251,31,0
252,38,2
253,43,6
254,37,1
255,41,3
256,44,3
257,44,5
258,45,4
259,34,2
260,36,0
261,37,5
262,37,1
263,32,0
264,40,3
265,41,3
266,34,0
267,39,1
268,41,4
269,35,1
270,37,2
271,44,5
272,35,0
273,42,3
274,45,8
275,32,0
276,38,0
277,42,2
278,35,0
279,37,1
280,37,5
281,39,2
282,45,4
283,43,6
284,48,8
285,51,7
286,38,0
287,41,4
288,36,1
289,37,1
290,35,3
291,36,1
292,31,0
293,41,2
294,38,1
295,36,1
296,36,2
297,44,4
298,41,3
299,41,3
300,39,3
301,31,1
302,40,4
303,37,3
304,43,5
305,37,1
306,41,3
307,36,0
308,40,3
309,41,4
310,35,0
311,34,3
312,48,13
313,39,3
314,44,9
315,43,2
316,45,10
317,36,0
318,33,1
319,38,1
320,39,4
321,37,0
322,35,0
323,36,2
324,41,4
325,37,3
326,34,4
327,41,3
328,34,0
329,35,1
330,39,6
331,46,4
332,39,0
333,44,3
334,36,0
335,42,4
336,38,4
337,37,2
338,38,1
339,39,3
340,43,2
341,36,2
342,40,7
343,37,2
344,39,3
345,34,1
346,39,2
347,39,1
348,32,0
349,36,0
350,39,0
351,37,2
352,34,2
353,43,4
354,42,6
355,34,0
356,35,2
357,44,7
358,39,0
359,36,2
360,43,3
361,35,1
362,37,3
363,35,3
364,36,2
365,39,4
366,38,0
367,37,4
368,45,6
369,41,2
370,41,6
371,37,1
372,39,3
373,38,1
374,37,4
375,40,2
376,37,1
377,40,0
378,42,3
379,52,8
380,35,0
381,39,2
382,38,2
383,45,4
384,35,0
385,38,0
386,39,2
387,44,8
388,43,4
389,40,2
390,41,3
391,44,3
392,40,4
393,39,3
394,50,6
395,41,1
396,36,0
397,37,1
398,44,1
399,36,2
400,37,2
401,41,1
402,41,3
403,44,3
404,44,4
405,38,2
406,37,2
407,39,5
408,39,1
409,39,2
410,41,4
411,38,3
412,40,3
413,39,3
414,42,5
415,32,1
416,35,0
417,45,3
418,39,0
419,42,4
420,38,2
421,39,4
422,37,2
423,37,0
424,43,5
425,39,2
426,36,1
427,45,7
428,42,4
429,43,8
430,46,12
431,51,11
432,33,0
433,36,2
434,38,7
435,45,6
436,40,1
437,41,3
438,39,4
439,41,6
440,46,4
441,48,6
442,38,0
443,37,5
444,42,5
445,44,4
446,40,3
447,38,3
448,30,0
449,49,13
450,40,0
451,34,0
452,33,0
453,35,4
454,36,3
455,37,6
456,36,1
457,36,2
458,49,15
459,40,2
460,37,3
461,38,3
462,38,0
463,43,5
464,36,2
465,35,1
466,38,3
467,39,3
468,42,5
469,36,1
470,47,8
471,37,2
472,39,6
473,44,8
474,39,3
475,40,7
476,39,4
477,40,2
478,39,5
479,33,0
480,42,2
481,38,1
482,37,1
483,40,5
484,43,7
485,33,3
486,45,7
487,39,1
488,45,3
489,40,4
490,36,1
491,38,3
492,39,3
493,37,1
494,42,3
495,42,3
496,39,1
497,39,2
498,43,6
499,36,0
500,36,2
501,35,0
502,38,2
503,41,3
504,38,2
505,37,4
506,44,6
507,39,5
508,39,4
509,45,5
510,42,3
511,38,2
512,34,1
513,35,3
514,36,1
515,52,11
516,42,8
517,38,1
518,40,2
519,44,6
520,40,3
521,40,4
522,46,3
523,39,1
524,37,2
525,37,0
526,39,3
527,34,0
528,38,6
529,34,0
530,41,4
531,32,1
532,33,3
533,51,9
534,45,5
535,38,2
536,39,1
537,35,2
538,37,0
539,40,3
540,40,1
541,34,3
542,35,2
543,37,1
544,39,4
545,43,6
546,41,3
547,45,4
548,47,9
549,40,4
550,40,5
551,36,0
552,49,6
553,43,10
554,42,5
555,36,1
556,40,3
557,43,4
558,34,0
559,43,2
560,39,2
561,37,1
562,44,4
563,36,0
564,40,4
565,32,0
566,42,2
567,35,0
568,35,2
569,35,3
570,32,2
571,40,5
572,37,4
573,50,12
574,39,2
575,41,5
576,39,4
577,44,5
578,35,1
579,40,3
580,35,0
581,32,1
582,40,2
583,45,4
584,42,5
585,33,1
586,37,1
587,42,3
588,45,9
589,36,4
590,38,6
591,37,1
592,47,4
593,29,1
594,41,3
595,46,4
596,38,1
597,43,2
598,38,1
599,39,1
600,33,1
601,36,1
602,34,2
603,36,3
604,40,1
605,33,2
606,45,4
607,39,1
608,48,9
609,38,1
610,38,2
611,34,1
612,35,1
613,39,1
614,44,5
615,39,0
616,35,2
617,34,3
618,45,2
619,44,6
620,39,2
621,37,0
622,37,4
623,37,4
624,48,12
625,40,2
626,41,1
627,39,2
628,40,2
629,41,3
630,38,0
631,39,0
632,43,6
633,45,6
634,41,0
635,40,4
636,39,1
637,41,6
638,42,5
639,39,3
640,34,2
641,36,1
642,35,1
643,35,3
644,35,0
645,38,0
646,37,3
647,40,3
648,40,2
649,38,2
650,41,1
651,43,4
652,38,2
653,35,2
654,45,5
655,44,7
656,37,3
657,44,3
658,45,7
659,39,3
660,45,3
661,42,3
662,38,5
663,40,2
664,35,0
665,32,0
666,37,0
667,39,5
668,37,1
669,43,2
670,39,3
671,43,3
672,36,1
673,38,1
674,40,1
675,34,1
676,40,5
677,49,12
678,44,5
679,40,5
680,39,3
681,45,3
682,42,2
683,37,3
684,49,7
685,37,4
686,35,1
687,53,7
688,44,7
689,36,0
690,34,1
691,34,2
692,31,0
693,37,1
694,42,3
695,35,2
696,39,2
697,40,0
698,44,5
699,36,2
700,47,5
701,39,1
702,41,7
703,38,3
704,42,1
705,46,7
706,38,3
707,37,4
708,44,2
709,42,5
710,38,3
711,44,7
712,40,2
713,41,6
714,39,1
715,41,2
716,36,1
717,47,11
718,38,3
719,45,4
720,37,2
721,46,11
722,41,3
723,37,1
724,37,1
725,44,5
726,37,4
727,37,2
728,39,1
729,36,1
730,36,0
731,47,6
732,38,1
733,41,4
734,35,1
735,39,5
736,32,0
737,35,1
738,40,3
739,39,0
740,45,5
741,38,5
742,41,4
743,40,4
744,46,9
745,44,4
746,36,2
747,39,5
748,43,4
749,35,1
750,34,2
751,42,5
752,43,6
753,42,2
754,37,4
755,35,3
756,37,0
757,42,9
758,44,0
759,42,4
760,32,1
761,41,3
762,39,1
763,34,0
764,39,1
765,42,3
766,41,2
767,37,3
768,46,9
769,39,1
770,42,3
771,35,2
772,41,5
773,40,3
774,40,3
775,36,1
776,37,3
777,37,3
778,37,5
779,44,4
780,36,1
781,36,1
782,40,4
783,43,7
784,43,5
785,31,0
786,41,3
787,48,8
788,34,0
789,37,3
790,38,3
791,49,10
792,43,4
793,39,2
794,39,1
795,41,2
796,40,5
797,35,0
798,42,2
799,44,6
800,42,1
801,37,0
802,40,0
803,43,2
804,41,3
805,31,0
806,40,2
807,47,10
808,52,13
809,40,4
810,39,0
811,32,1
812,35,1
813,47,5
814,35,3
815,40,5
816,46,7
817,31,1
818,36,2
819,37,1
820,47,4
821,35,1
822,40,5
823,42,7
824,46,5
825,42,0
826,40,2
827,43,1
828,40,2
829,45,3
830,51,11
831,41,5
832,39,1
833,34,1
834,43,5
835,43,5
836,39,3
837,37,1
838,42,5
839,37,2
840,37,0
841,33,1
842,37,0
843,42,7
844,32,0
845,42,2
846,48,8
847,42,4
848,34,1
849,49,9
850,39,2
851,37,1
852,40,4
853,38,3
854,39,2
855,33,0
856,31,0
857,34,1
858,40,3
859,43,5
860,39,4
861,36,0
862,34,1
863,37,3
864,40,3
865,40,1
866,38,1
867,41,3
868,34,2
869,42,6
870,34,0
871,41,4
872,38,0
873,45,10
874,46,7
875,33,1
876,34,1
877,40,3
878,39,1
879,38,1
880,39,5
881,40,2
882,37,2
883,44,1
884,40,2
885,36,1
886,46,7
887,41,4
888,41,3
889,37,0
890,42,3
891,38,0
892,41,5
893,42,4
894,34,0
895,42,3
896,39,5
897,41,5
898,42,3
899,35,0
900,47,5
901,39,2
902,38,2
903,49,6
904,39,1
905,37,0
906,33,0
907,51,9
908,44,5
909,35,2
910,39,2
911,39,1
912,56,11
913,39,1
914,51,13
915,42,2
916,38,3
917,35,0
918,37,5
919,41,3
920,41,5
921,36,0
922,38,4
923,39,2
924,37,3
925,39,2
926,36,1
927,39,2
928,31,0
929,39,1
930,43,6
931,38,5
932,41,6
933,34,1
934,39,1
935,39,0
936,43,7
937,35,1
938,45,5
939,40,3
940,43,8
941,34,0
942,40,0
943,35,1
944,33,2
945,43,6
946,44,7
947,43,5
948,36,3
949,34,0
950,36,3
951,46,11
952,44,6
953,36,3
954,35,0
955,35,0
956,40,4
957,37,2
958,43,4
959,41,1
960,44,4
961,50,7
962,33,0
963,39,1
964,42,7
965,38,4
966,40,4
967,37,1
968,43,2
969,35,0
970,39,1
971,43,9
972,42,2
973,45,6
974,39,1
975,40,4
976,38,2
977,43,0
978,43,3
979,43,9
980,41,5
981,35,0
982,38,0
983,41,3
984,36,0
985,41,5
986,43,2
987,37,1
988,43,5
989,34,0
990,41,3
991,38,1
992,33,2
993,40,3
994,40,2
995,40,0
996,41,4
997,43,5
998,39,4
999,48,6
1000,39,1
