NUM,ATBAT,SCORE
1,39,2
2,47,3
3,47,4
4,37,3
5,40,2
6,41,1
7,42,2
8,43,6
9,39,0
10,40,1
11,43,8
12,52,9
13,38,1
14,42,3
15,44,3
16,50,8
17,45,1
18,37,3
19,38,3
20,45,3
21,45,9
22,41,2
23,42,4
24,48,4
25,41,6
26,39,2
27,48,7
28,48,9
29,46,5
30,46,7
31,40,3
32,41,3
33,43,4
34,41,1
35,38,0
36,36,2
37,46,11
38,35,1
39,37,0
40,45,1
41,41,2
42,50,8
43,49,6
44,35,1
45,42,1
46,42,4
47,41,2
48,46,3
49,43,5
50,47,3
51,45,5
52,43,2
53,37,4
54,34,0
55,47,6
56,57,13
57,35,3
58,46,7
59,42,8
60,54,14
61,39,0
62,39,0
63,43,3
64,51,10
65,45,2
66,50,7
67,49,10
68,44,2
69,53,8
70,46,6
71,39,6
72,34,1
73,41,1
74,42,4
75,46,7
76,48,6
77,43,5
78,42,6
79,47,9
80,38,2
81,45,6
82,49,2
83,48,6
84,37,1
85,50,5
86,53,12
87,55,12
88,41,3
89,45,5
90,44,5
91,44,2
92,49,5
93,35,1
94,52,10
95,44,5
96,44,10
97,44,5
98,47,7
99,45,5
100,41,3
101,42,5
102,47,6
103,47,4
104,35,0
105,43,5
106,54,15
107,44,2
108,48,7
109,41,3
110,47,8
111,42,2
112,43,2
113,53,8
114,52,10
115,38,0
116,45,4
117,45,2
118,45,1
119,47,6
120,37,1
121,36,1
122,53,13
123,41,2
124,42,3
125,47,4
126,39,2
127,42,3
128,37,2
129,54,13
130,44,3
131,40,4
132,45,4
133,42,7
134,49,9
135,40,1
136,50,11
137,35,0
138,39,3
139,41,5
140,44,3
141,39,3
142,45,5
143,45,6
144,39,4
145,48,9
146,40,2
147,42,7
148,35,3
149,44,4
150,52,7
151,43,4
152,43,1
153,40,1
154,38,0
155,35,2
156,38,2
157,42,2
158,43,4
159,37,2
160,50,9
161,36,2
162,46,4
163,50,12
164,43,6
165,38,3
166,36,1
167,41,6
168,41,1
169,46,12
170,48,11
171,42,4
172,43,6
173,41,1
174,41,4
175,42,3
176,43,4
177,41,3
178,45,10
179,46,5
180,42,1
181,43,2
182,37,0
183,37,1
184,47,4
185,41,6
186,35,0
187,44,3
188,46,4
189,45,6
190,41,6
191,46,7
192,42,2
193,41,3
194,47,8
195,42,3
196,43,2
197,39,0
198,43,5
199,40,2
200,53,9
201,39,5
202,45,3
203,38,4
204,44,2
205,50,7
206,39,6
207,37,2
208,38,1
209,53,12
210,44,8
211,43,3
212,38,1
213,50,8
214,47,10
215,39,2
216,36,1
217,43,1
218,49,11
219,43,2
220,37,3
221,51,12
222,39,3
223,37,0
224,38,1
225,41,5
226,39,2
227,41,3
228,37,2
229,37,2
230,40,6
231,46,6
232,42,5
233,56,15
234,36,1
235,35,5
236,44,7
237,39,2
238,42,5
239,40,2
240,47,10
241,49,7
242,47,11
243,46,5
244,39,0
245,54,9
246,42,3
247,40,1
248,44,2
249,36,3
250,45,7
251,42,5
252,43,3
253,43,1
254,34,1
255,49,7
256,52,11
257,55,16
258,38,5
259,34,2
260,46,7
261,45,2
262,47,4
263,42,2
264,51,9
265,43,7
266,41,3
267,54,8
268,51,6
269,50,8
270,40,3
271,41,2
272,40,3
273,47,4
274,51,10
275,34,5
276,36,1
277,42,6
278,47,4
279,48,6
280,51,11
281,37,0
282,48,7
283,50,9
284,41,5
285,55,12
286,38,2
287,41,3
288,41,8
289,38,3
290,48,7
291,53,8
292,42,5
293,34,0
294,62,18
295,41,4
296,36,4
297,53,8
298,50,10
299,44,2
300,49,9
301,40,4
302,37,0
303,40,4
304,45,3
305,41,2
306,42,3
307,42,1
308,44,8
309,37,3
310,46,5
311,37,0
312,40,3
313,38,2
314,41,2
315,41,3
316,48,7
317,45,6
318,37,2
319,52,13
320,38,4
321,39,4
322,37,1
323,42,6
324,54,12
325,38,2
326,34,1
327,42,4
328,50,8
329,32,0
330,47,7
331,42,6
332,42,2
333,40,0
334,40,4
335,36,1
336,48,7
337,47,8
338,40,3
339,37,1
340,38,4
341,45,9
342,45,6
343,51,8
344,38,1
345,43,2
346,37,0
347,41,0
348,39,1
349,40,5
350,37,1
351,38,2
352,39,1
353,47,10
354,44,3
355,39,1
356,38,1
357,45,5
358,41,3
359,37,1
360,38,0
361,40,4
362,43,5
363,43,4
364,51,10
365,37,0
366,39,4
367,48,7
368,48,7
369,45,7
370,39,0
371,38,2
372,37,3
373,45,4
374,39,2
375,41,4
376,44,4
377,36,0
378,51,14
379,41,2
380,39,0
381,46,10
382,51,10
383,41,2
384,47,7
385,36,0
386,53,15
387,40,2
388,32,0
389,40,2
390,45,7
391,50,8
392,54,14
393,35,2
394,39,0
395,44,8
396,48,3
397,53,13
398,47,8
399,46,5
400,47,9
401,48,3
402,49,5
403,51,9
404,38,3
405,44,5
406,44,5
407,49,11
408,41,7
409,46,5
410,38,4
411,40,1
412,42,0
413,44,2
414,40,3
415,36,0
416,48,4
417,40,5
418,47,9
419,46,5
420,43,4
421,45,7
422,33,4
423,33,0
424,47,8
425,42,5
426,46,3
427,48,6
428,44,7
429,49,9
430,42,2
431,36,1
432,39,4
433,40,0
434,37,1
435,47,5
436,39,1
437,45,8
438,49,10
439,43,3
440,44,4
441,43,6
442,43,4
443,40,3
444,42,4
445,61,17
446,39,1
447,41,2
448,47,5
449,49,6
450,55,14
451,50,11
452,47,9
453,39,2
454,47,6
455,39,3
456,39,0
457,41,2
458,43,4
459,39,2
460,38,4
461,43,4
462,33,0
463,46,6
464,47,6
465,58,15
466,49,8
467,33,0
468,39,3
469,48,7
470,36,3
471,48,4
472,45,4
473,47,3
474,45,8
475,47,4
476,51,9
477,46,8
478,45,4
479,38,2
480,42,4
481,47,5
482,40,4
483,37,1
484,43,4
485,46,6
486,43,8
487,38,2
488,48,10
489,39,3
490,45,2
491,52,11
492,41,4
493,41,6
494,46,5
495,50,7
496,35,0
497,35,1
498,41,1
499,36,4
500,55,11
501,42,9
502,48,5
503,41,2
504,40,1
505,48,8
506,41,4
507,42,9
508,39,5
509,47,8
510,45,8
511,46,5
512,36,1
513,50,5
514,48,8
515,46,7
516,34,0
517,40,1
518,46,7
519,48,4
520,43,6
521,48,9
522,47,7
523,39,2
524,41,3
525,44,4
526,37,4
527,43,6
528,44,4
529,49,7
530,43,11
531,46,9
532,49,4
533,41,4
534,45,7
535,37,2
536,41,5
537,62,21
538,41,1
539,44,6
540,45,5
541,40,2
542,46,7
543,41,5
544,39,3
545,53,15
546,55,16
547,43,6
548,38,2
549,32,0
550,41,5
551,39,3
552,44,5
553,41,0
554,47,11
555,48,7
556,39,4
557,43,4
558,42,3
559,38,0
560,33,0
561,38,3
562,44,4
563,47,8
564,48,10
565,36,0
566,43,1
567,43,4
568,38,0
569,40,5
570,40,2
571,43,3
572,44,3
573,39,1
574,47,5
575,43,3
576,39,0
577,39,2
578,43,4
579,44,5
580,44,2
581,47,7
582,35,1
583,48,5
584,47,7
585,39,2
586,50,5
587,37,0
588,45,3
589,36,1
590,40,3
591,43,5
592,43,3
593,44,3
594,43,5
595,38,0
596,33,1
597,48,10
598,47,12
599,39,6
600,40,5
601,48,11
602,40,5
603,49,7
604,36,3
605,46,6
606,39,2
607,35,1
608,42,5
609,39,2
610,37,2
611,48,6
612,45,2
613,47,8
614,42,3
615,45,5
616,45,4
617,55,13
618,54,8
619,44,1
620,43,3
621,48,6
622,47,11
623,38,3
624,51,8
625,50,11
626,40,5
627,37,1
628,40,2
629,48,5
630,41,7
631,49,10
632,40,4
633,43,6
634,34,1
635,39,4
636,48,5
637,53,12
638,46,6
639,54,10
640,41,2
641,47,9
642,46,5
643,52,8
644,54,14
645,53,10
646,40,1
647,41,3
648,39,4
649,45,6
650,49,7
651,38,1
652,38,0
653,37,0
654,50,9
655,43,7
656,43,2
657,42,6
658,44,4
659,48,6
660,49,7
661,40,3
662,54,11
663,45,3
664,42,9
665,42,5
666,49,7
667,40,4
668,47,8
669,45,7
670,43,8
671,42,3
672,42,2
673,47,8
674,49,11
675,36,3
676,46,5
677,45,8
678,38,1
679,48,9
680,38,2
681,39,2
682,40,0
683,41,5
684,42,2
685,39,2
686,43,7
687,50,9
688,39,1
689,49,8
690,35,2
691,49,7
692,42,2
693,45,5
694,40,3
695,47,6
696,44,5
697,42,9
698,35,1
699,48,8
700,42,6
701,43,3
702,46,8
703,47,3
704,39,4
705,40,3
706,45,3
707,46,4
708,47,9
709,49,8
710,40,2
711,44,2
712,44,1
713,47,4
714,43,7
715,37,2
716,34,0
717,45,7
718,46,8
719,45,3
720,41,6
721,40,1
722,50,9
723,33,0
724,44,3
725,46,4
726,43,5
727,40,4
728,40,1
729,44,3
730,44,8
731,46,5
732,38,3
733,38,1
734,43,2
735,44,4
736,37,4
737,48,8
738,45,4
739,37,4
740,38,3
741,49,9
742,39,2
743,39,2
744,43,3
745,37,2
746,50,6
747,39,4
748,39,1
749,48,8
750,42,6
751,36,2
752,48,3
753,53,12
754,40,3
755,43,3
756,46,5
757,46,8
758,39,2
759,38,2
760,37,1
761,40,4
762,41,2
763,49,8
764,42,3
765,46,10
766,55,13
767,45,4
768,59,15
769,38,5
770,34,0
771,44,7
772,41,4
773,61,14
774,48,4
775,38,3
776,43,2
777,42,4
778,43,4
779,42,5
780,40,1
781,42,6
782,38,2
783,50,12
784,48,2
785,43,5
786,54,19
787,51,8
788,43,4
789,46,4
790,48,8
791,39,4
792,40,6
793,42,7
794,50,9
795,45,5
796,44,7
797,35,2
798,38,2
799,39,0
800,44,8
801,43,3
802,45,8
803,55,10
804,47,4
805,44,5
806,39,3
807,44,4
808,41,3
809,39,1
810,49,8
811,38,1
812,39,5
813,34,3
814,40,3
815,41,4
816,44,4
817,38,1
818,41,3
819,41,2
820,37,4
821,41,3
822,51,5
823,52,11
824,49,12
825,43,3
826,40,2
827,44,7
828,51,11
829,46,5
830,45,7
831,44,2
832,48,7
833,40,0
834,43,4
835,38,3
836,49,7
837,41,2
838,47,6
839,34,0
840,40,2
841,46,8
842,42,4
843,37,1
844,43,5
845,41,5
846,46,11
847,39,1
848,41,3
849,41,5
850,52,10
851,39,3
852,45,5
853,45,7
854,36,0
855,52,13
856,39,3
857,37,2
858,44,8
859,39,1
860,42,9
861,44,8
862,48,10
863,40,4
864,49,6
865,55,11
866,42,3
867,40,0
868,50,12
869,42,1
870,34,1
871,53,13
872,43,4
873,39,2
874,38,4
875,35,1
876,41,5
877,42,3
878,39,1
879,48,8
880,40,1
881,50,11
882,49,6
883,42,3
884,43,4
885,39,4
886,44,3
887,44,5
888,33,0
889,41,5
890,40,3
891,43,6
892,43,7
893,47,8
894,48,7
895,41,4
896,41,2
897,53,7
898,39,1
899,43,6
900,45,2
901,47,5
902,42,5
903,45,5
904,40,3
905,44,6
906,47,1
907,42,3
908,42,1
909,43,3
910,41,6
911,47,5
912,45,1
913,46,5
914,40,3
915,38,1
916,41,5
917,43,2
918,38,2
919,45,9
920,48,5
921,47,10
922,37,2
923,43,8
924,42,2
925,46,7
926,44,5
927,41,5
928,50,8
929,39,0
930,46,4
931,51,9
932,39,4
933,50,10
934,38,1
935,34,1
936,45,5
937,41,6
938,38,1
939,45,4
940,36,3
941,38,0
942,42,5
943,39,4
944,41,1
945,41,2
946,51,12
947,35,1
948,47,6
949,40,1
950,44,2
951,43,6
952,50,8
953,47,9
954,43,5
955,40,1
956,51,11
957,40,4
958,42,3
959,42,1
960,42,2
961,38,2
962,37,0
963,46,4
964,34,0
965,38,1
966,43,4
967,40,2
968,48,5
969,40,1
970,40,2
971,41,2
972,46,5
973,39,1
974,41,3
975,32,0
976,42,3
977,39,2
978,37,2
979,42,4
980,40,1
981,44,2
982,39,4
983,50,6
984,42,3
985,39,3
986,48,5
987,42,3
988,43,5
989,44,1
990,49,7
991,42,4
992,50,10
993,34,0
994,38,2
995,42,0
996,39,4
997,36,0
998,56,12
999,47,7
1000,41,3
