NUM,ATBAT,SCORE
1,44,6
2,47,6
3,38,2
4,38,3
5,44,0
6,42,5
7,37,1
8,49,7
9,55,13
10,34,0
11,36,1
12,42,4
13,40,6
14,47,7
15,40,5
16,50,8
17,44,3
18,45,7
19,47,6
20,34,0
21,40,4
22,43,6
23,39,2
24,40,3
25,37,0
26,42,2
27,35,3
28,43,5
29,44,5
30,43,2
31,40,4
32,44,11
33,45,6
34,38,7
35,47,5
36,39,2
37,42,1
38,48,8
39,41,2
40,47,8
41,39,3
42,42,3
43,46,6
44,41,4
45,39,2
46,39,3
47,40,3
48,36,3
49,53,8
50,34,1
51,36,0
52,34,2
53,46,6
54,41,4
55,46,6
56,43,3
57,37,1
58,44,5
59,35,1
60,47,7
61,44,6
62,40,2
63,51,12
64,36,2
65,36,0
66,53,12
67,45,7
68,41,5
69,42,2
70,38,3
71,37,1
72,43,5
73,44,3
74,40,2
75,40,2
76,43,2
77,45,4
78,42,7
79,42,4
80,45,8
81,45,9
82,50,10
83,37,2
84,41,0
85,34,0
86,43,4
87,44,6
88,39,1
89,37,1
90,42,3
91,43,2
92,43,3
93,38,7
94,37,2
95,43,3
96,41,7
97,46,9
98,42,5
99,40,3
100,49,4
101,43,7
102,38,0
103,52,13
104,43,1
105,39,4
106,39,0
107,37,2
108,50,8
109,49,10
110,38,2
111,43,4
112,45,7
113,37,2
114,39,3
115,47,3
116,39,0
117,44,2
118,42,4
119,48,7
120,50,8
121,50,9
122,37,2
123,43,3
124,42,4
125,46,5
126,48,16
127,39,0
128,34,2
129,49,9
130,38,0
131,32,0
132,43,6
133,55,11
134,38,3
135,57,11
136,36,1
137,35,1
138,45,3
139,45,6
140,40,1
141,43,6
142,38,3
143,40,5
144,37,0
145,40,3
146,43,5
147,43,2
148,42,7
149,48,8
150,42,6
151,50,7
152,40,7
153,40,1
154,43,8
155,43,3
156,38,1
157,48,8
158,40,4
159,40,2
160,48,4
161,34,0
162,41,2
163,47,6
164,39,2
165,52,8
166,37,2
167,44,4
168,44,3
169,53,16
170,47,5
171,39,3
172,42,4
173,46,10
174,41,3
175,48,6
176,43,6
177,38,0
178,47,7
179,44,4
180,44,4
181,38,0
182,41,4
183,38,3
184,40,6
185,36,0
186,35,1
187,47,6
188,35,2
189,42,5
190,45,4
191,44,6
192,57,12
193,40,5
194,36,0
195,46,5
196,43,7
197,36,1
198,51,10
199,38,2
200,39,2
201,44,0
202,43,6
203,33,0
204,43,2
205,45,3
206,33,2
207,37,2
208,40,4
209,39,4
210,44,5
211,45,8
212,41,4
213,43,2
214,45,6
215,39,4
216,46,7
217,45,4
218,45,6
219,45,6
220,40,6
221,38,2
222,51,6
223,50,8
224,48,6
225,40,4
226,44,3
227,36,2
228,44,4
229,37,2
230,50,9
231,36,2
232,36,1
233,36,0
234,46,3
235,48,7
236,51,12
237,44,5
238,40,2
239,40,5
240,36,0
241,43,5
242,46,3
243,37,1
244,39,3
245,36,2
246,40,3
247,40,2
248,41,4
249,45,12
250,36,0
251,37,0
252,36,0
253,31,1
254,46,8
255,34,0
256,38,1
257,43,5
258,36,1
259,42,3
260,45,4
261,42,2
262,51,10
263,34,0
264,38,5
265,40,0
266,37,1
267,36,0
268,42,7
269,35,2
270,44,1
271,41,3
272,43,3
273,43,8
274,49,10
275,44,4
276,40,1
277,47,6
278,47,6
279,34,1
280,38,0
281,44,5
282,40,1
283,48,8
284,38,3
285,43,4
286,35,1
287,39,2
288,45,3
289,43,2
290,49,10
291,53,11
292,38,3
293,37,1
294,51,8
295,59,12
296,35,0
297,41,4
298,41,0
299,48,6
300,42,5
301,43,4
302,44,3
303,45,5
304,49,9
305,38,3
306,47,6
307,44,4
308,34,1
309,50,14
310,50,12
311,38,2
312,46,9
313,40,6
314,43,6
315,47,8
316,45,4
317,39,1
318,41,3
319,41,6
320,35,2
321,35,2
322,44,6
323,41,1
324,46,9
325,38,2
326,42,5
327,38,1
328,37,2
329,50,12
330,50,8
331,40,3
332,39,4
333,43,4
334,44,5
335,40,8
336,35,1
337,47,6
338,40,3
339,39,7
340,39,2
341,45,6
342,39,3
343,42,3
344,47,8
345,41,1
346,43,4
347,43,8
348,43,7
349,37,3
350,37,3
351,45,5
352,44,4
353,45,5
354,44,7
355,46,6
356,40,1
357,40,4
358,43,3
359,41,4
360,37,1
361,39,4
362,51,7
363,46,7
364,45,3
365,43,8
366,42,5
367,41,3
368,47,6
369,44,5
370,46,9
371,49,5
372,40,7
373,42,1
374,46,5
375,44,5
376,38,3
377,41,6
378,48,9
379,49,7
380,44,3
381,47,5
382,36,5
383,41,3
384,50,6
385,41,5
386,42,1
387,38,2
388,41,3
389,40,4
390,39,4
391,43,8
392,44,5
393,41,5
394,44,4
395,36,4
396,53,9
397,41,4
398,35,0
399,41,7
400,46,9
401,41,4
402,35,3
403,42,3
404,40,3
405,32,1
406,43,3
407,42,5
408,41,2
409,38,1
410,45,5
411,51,14
412,40,3
413,40,3
414,43,8
415,39,2
416,45,5
417,40,6
418,44,2
419,41,1
420,42,4
421,42,4
422,35,2
423,45,4
424,44,3
425,37,2
426,48,9
427,50,10
428,41,5
429,38,3
430,44,7
431,46,7
432,38,2
433,41,2
434,40,5
435,37,4
436,40,1
437,41,5
438,40,0
439,41,5
440,41,2
441,39,2
442,39,3
443,39,0
444,38,3
445,47,9
446,40,3
447,39,3
448,36,1
449,41,4
450,36,0
451,52,9
452,43,4
453,51,7
454,46,6
455,50,9
456,40,1
457,49,7
458,38,2
459,41,3
460,41,0
461,49,5
462,46,8
463,41,5
464,44,6
465,43,5
466,38,3
467,41,5
468,45,6
469,40,2
470,45,8
471,35,1
472,51,9
473,44,2
474,42,2
475,44,4
476,38,1
477,39,4
478,38,0
479,47,8
480,51,10
481,41,0
482,44,7
483,41,3
484,37,1
485,43,3
486,44,3
487,43,3
488,49,7
489,37,3
490,48,5
491,47,5
492,50,8
493,48,7
494,41,2
495,38,1
496,48,6
497,58,21
498,50,9
499,40,3
500,45,2
501,38,3
502,43,3
503,46,5
504,44,8
505,38,2
506,50,8
507,58,13
508,49,10
509,46,6
510,52,13
511,40,2
512,38,5
513,47,9
514,37,0
515,45,5
516,41,3
517,46,7
518,46,5
519,38,2
520,40,5
521,43,7
522,42,5
523,45,4
524,37,1
525,45,4
526,42,3
527,47,7
528,38,1
529,41,2
530,41,5
531,53,12
532,43,6
533,41,1
534,44,5
535,48,5
536,47,9
537,39,2
538,44,6
539,39,1
540,40,3
541,53,11
542,41,1
543,43,5
544,48,8
545,40,5
546,45,4
547,46,7
548,40,3
549,49,12
550,38,1
551,42,4
552,43,7
553,45,8
554,50,10
555,42,9
556,40,4
557,36,2
558,40,5
559,43,4
560,37,0
561,40,1
562,42,4
563,45,6
564,46,7
565,36,0
566,44,5
567,44,5
568,40,2
569,40,2
570,40,1
571,41,5
572,40,1
573,41,2
574,34,0
575,38,3
576,40,5
577,40,4
578,42,3
579,43,3
580,40,5
581,41,5
582,49,8
583,46,3
584,42,2
585,41,4
586,44,5
587,38,1
588,41,2
589,42,3
590,39,5
591,45,5
592,56,16
593,53,9
594,32,0
595,51,8
596,38,3
597,51,8
598,49,6
599,39,1
600,40,5
601,41,7
602,44,9
603,46,6
604,43,8
605,40,6
606,37,1
607,41,4
608,43,6
609,46,7
610,46,3
611,41,3
612,40,3
613,46,7
614,35,2
615,39,4
616,40,4
617,37,4
618,42,2
619,38,3
620,42,5
621,47,11
622,41,2
623,43,3
624,41,2
625,41,2
626,37,2
627,48,6
628,47,5
629,35,1
630,42,2
631,50,12
632,40,1
633,41,4
634,43,4
635,41,3
636,44,1
637,36,1
638,46,5
639,45,7
640,42,3
641,43,7
642,47,11
643,48,11
644,48,7
645,37,1
646,41,3
647,35,1
648,47,6
649,44,5
650,40,4
651,41,1
652,34,2
653,42,5
654,47,5
655,46,4
656,38,3
657,35,1
658,42,3
659,39,0
660,41,2
661,36,1
662,45,7
663,39,3
664,37,1
665,38,1
666,46,6
667,44,3
668,36,2
669,40,2
670,38,1
671,37,3
672,53,11
673,40,1
674,44,3
675,45,6
676,34,0
677,48,3
678,40,4
679,41,0
680,40,2
681,36,0
682,43,3
683,44,4
684,46,6
685,36,3
686,45,5
687,42,2
688,42,2
689,46,4
690,42,7
691,38,3
692,38,3
693,41,2
694,43,2
695,48,7
696,46,5
697,50,7
698,49,9
699,41,2
700,45,4
701,45,4
702,45,4
703,46,5
704,37,2
705,42,1
706,50,2
707,36,1
708,44,7
709,39,2
710,45,8
711,41,3
712,41,1
713,50,11
714,44,3
715,41,1
716,41,1
717,36,0
718,35,2
719,41,6
720,39,2
721,41,0
722,39,3
723,40,0
724,42,3
725,42,3
726,41,5
727,40,2
728,45,9
729,48,7
730,38,1
731,41,6
732,41,3
733,51,13
734,45,9
735,47,6
736,41,3
737,54,20
738,33,0
739,39,4
740,49,12
741,43,8
742,42,2
743,44,9
744,43,5
745,38,2
746,42,1
747,45,6
748,41,5
749,47,7
750,47,7
751,41,3
752,37,4
753,38,2
754,44,4
755,37,2
756,46,8
757,42,2
758,46,6
759,42,2
760,37,2
761,37,1
762,54,11
763,45,8
764,39,2
765,38,3
766,49,7
767,42,3
768,42,6
769,40,6
770,49,10
771,45,3
772,51,14
773,50,10
774,34,2
775,40,5
776,46,7
777,44,4
778,58,15
779,47,7
780,37,1
781,41,5
782,42,3
783,52,12
784,42,1
785,47,4
786,45,5
787,36,0
788,41,3
789,42,5
790,50,7
791,46,7
792,36,0
793,39,2
794,45,4
795,43,4
796,43,2
797,44,3
798,34,1
799,46,6
800,40,2
801,38,3
802,39,1
803,47,11
804,37,1
805,40,4
806,47,3
807,43,5
808,49,12
809,49,8
810,41,3
811,43,4
812,48,11
813,36,2
814,45,5
815,36,1
816,50,12
817,48,5
818,42,5
819,35,0
820,36,1
821,32,1
822,44,5
823,54,13
824,48,3
825,36,2
826,42,7
827,33,0
828,35,0
829,43,4
830,37,1
831,51,8
832,37,2
833,48,8
834,45,2
835,35,2
836,39,2
837,40,1
838,42,3
839,43,6
840,41,5
841,39,4
842,40,4
843,43,3
844,49,6
845,33,0
846,39,1
847,42,4
848,50,9
849,41,2
850,36,0
851,44,5
852,47,8
853,51,10
854,45,4
855,41,4
856,47,7
857,41,0
858,40,4
859,41,2
860,34,0
861,43,5
862,45,4
863,49,11
864,42,5
865,44,9
866,40,5
867,47,8
868,35,0
869,49,6
870,45,4
871,39,1
872,41,5
873,44,5
874,40,5
875,36,1
876,47,9
877,58,19
878,43,3
879,43,3
880,45,6
881,49,10
882,33,0
883,40,3
884,39,6
885,40,1
886,40,5
887,42,4
888,40,1
889,35,0
890,36,0
891,48,8
892,39,3
893,51,8
894,38,4
895,36,0
896,41,5
897,45,7
898,47,5
899,39,0
900,46,3
901,38,1
902,40,6
903,48,10
904,38,0
905,37,3
906,42,2
907,49,12
908,40,1
909,55,18
910,52,16
911,50,8
912,42,6
913,45,5
914,41,1
915,41,5
916,39,1
917,41,5
918,42,3
919,43,4
920,51,7
921,39,2
922,44,6
923,42,2
924,42,5
925,43,5
926,43,3
927,45,3
928,50,7
929,35,2
930,40,5
931,41,2
932,37,2
933,43,2
934,54,12
935,52,11
936,44,2
937,46,8
938,51,8
939,38,3
940,38,2
941,56,15
942,41,1
943,42,5
944,42,4
945,64,20
946,46,5
947,34,0
948,39,2
949,42,7
950,37,1
951,39,1
952,40,5
953,41,6
954,46,5
955,40,2
956,41,7
957,47,11
958,57,18
959,34,0
960,40,4
961,39,2
962,48,8
963,40,2
964,41,3
965,39,4
966,41,4
967,36,1
968,35,3
969,40,2
970,43,5
971,34,1
972,51,7
973,35,0
974,33,0
975,39,4
976,39,2
977,38,4
978,45,6
979,35,2
980,34,0
981,41,6
982,45,4
983,42,7
984,53,14
985,42,4
986,43,5
987,45,6
988,45,6
989,42,3
990,43,9
991,37,1
992,46,5
993,36,1
994,43,4
995,45,3
996,37,1
997,47,8
998,35,2
999,37,2
1000,43,8
