NUM,ATBAT,SCORE
1,48,12
2,44,4
3,36,2
4,38,4
5,35,2
6,45,5
7,39,3
8,36,4
9,41,5
10,39,4
11,48,11
12,46,15
13,40,0
14,51,15
15,44,7
16,45,8
17,36,6
18,39,4
19,40,8
20,43,5
21,45,8
22,38,4
23,42,8
24,40,6
25,41,3
26,44,6
27,44,12
28,44,7
29,41,6
30,47,12
31,47,15
32,37,4
33,42,3
34,51,9
35,53,15
36,34,2
37,41,4
38,29,0
39,46,8
40,45,10
41,52,11
42,42,4
43,38,6
44,51,16
45,50,9
46,42,5
47,40,4
48,38,2
49,51,14
50,42,8
51,38,1
52,40,3
53,40,5
54,40,4
55,60,20
56,49,11
57,43,4
58,37,1
59,37,4
60,40,4
61,37,6
62,52,15
63,42,5
64,43,9
65,41,4
66,39,4
67,46,10
68,40,8
69,42,5
70,34,0
71,43,10
72,48,13
73,37,3
74,35,2
75,44,11
76,51,18
77,47,9
78,45,9
79,33,2
80,43,7
81,42,6
82,53,12
83,38,4
84,41,6
85,40,5
86,51,12
87,43,10
88,38,3
89,33,2
90,41,9
91,46,7
92,37,1
93,44,6
94,38,5
95,37,6
96,37,2
97,41,3
98,38,4
99,41,3
100,42,4
101,45,12
102,54,13
103,36,0
104,48,14
105,51,13
106,45,7
107,48,11
108,42,5
109,46,9
110,46,8
111,36,5
112,44,9
113,42,2
114,40,3
115,37,3
116,42,6
117,50,9
118,33,1
119,47,14
120,38,5
121,42,4
122,51,12
123,50,12
124,42,6
125,48,9
126,43,7
127,42,4
128,57,14
129,38,1
130,39,7
131,49,12
132,36,2
133,54,16
134,51,6
135,35,0
136,41,6
137,54,18
138,41,3
139,43,4
140,48,8
141,50,11
142,47,10
143,50,7
144,50,11
145,49,9
146,42,4
147,39,4
148,37,2
149,40,6
150,47,9
151,36,2
152,37,2
153,49,11
154,43,2
155,47,4
156,48,9
157,46,12
158,38,3
159,49,10
160,46,8
161,53,10
162,51,10
163,40,4
164,43,7
165,40,5
166,49,12
167,47,6
168,41,5
169,42,8
170,41,6
171,38,3
172,44,7
173,46,7
174,44,10
175,42,5
176,45,7
177,44,10
178,47,6
179,63,21
180,46,6
181,50,11
182,44,6
183,44,5
184,43,5
185,45,7
186,44,3
187,41,4
188,38,1
189,42,7
190,44,9
191,43,8
192,51,14
193,49,11
194,44,6
195,44,8
196,44,7
197,41,4
198,36,3
199,41,3
200,45,11
201,36,3
202,39,4
203,42,10
204,51,15
205,40,6
206,44,9
207,48,10
208,43,8
209,48,9
210,41,6
211,37,3
212,40,7
213,40,3
214,48,15
215,41,0
216,40,7
217,46,10
218,44,10
219,44,7
220,38,5
221,42,4
222,47,9
223,41,3
224,42,2
225,45,10
226,50,10
227,54,18
228,43,6
229,46,9
230,53,16
231,34,2
232,50,11
233,40,3
234,49,11
235,43,8
236,45,3
237,48,9
238,46,12
239,50,15
240,48,7
241,46,14
242,39,3
243,46,8
244,46,8
245,50,13
246,37,4
247,48,7
248,42,5
249,45,6
250,45,14
251,42,6
252,57,21
253,37,2
254,54,14
255,39,6
256,44,7
257,46,4
258,39,3
259,39,4
260,46,8
261,47,8
262,39,4
263,43,6
264,39,5
265,47,10
266,38,5
267,45,12
268,44,5
269,35,4
270,43,6
271,39,3
272,42,4
273,38,3
274,41,4
275,52,14
276,41,4
277,43,5
278,54,15
279,46,6
280,43,11
281,50,12
282,49,10
283,44,10
284,41,5
285,47,6
286,42,6
287,42,9
288,45,8
289,46,9
290,39,4
291,47,7
292,45,6
293,49,10
294,49,13
295,35,2
296,38,3
297,36,1
298,45,7
299,46,7
300,41,1
301,37,4
302,49,8
303,33,1
304,57,21
305,45,8
306,43,8
307,41,7
308,42,3
309,36,1
310,46,10
311,37,5
312,38,4
313,44,5
314,41,6
315,41,9
316,37,4
317,43,9
318,43,10
319,46,9
320,42,9
321,40,4
322,40,6
323,39,3
324,43,10
325,48,13
326,37,6
327,42,8
328,44,2
329,40,3
330,41,2
331,43,7
332,43,5
333,45,8
334,42,3
335,48,9
336,40,5
337,39,5
338,35,3
339,53,11
340,49,13
341,46,7
342,55,21
343,48,6
344,37,7
345,43,7
346,54,17
347,46,9
348,42,9
349,45,9
350,45,10
351,42,6
352,42,5
353,43,10
354,38,4
355,43,6
356,35,1
357,42,8
358,44,10
359,49,11
360,39,5
361,46,5
362,51,11
363,35,6
364,45,7
365,43,8
366,38,4
367,40,5
368,50,11
369,37,2
370,39,2
371,38,5
372,43,7
373,43,6
374,49,12
375,35,3
376,42,10
377,43,7
378,49,11
379,36,3
380,39,5
381,42,5
382,36,1
383,37,4
384,39,2
385,42,8
386,42,5
387,41,11
388,51,7
389,39,2
390,38,1
391,45,10
392,50,10
393,39,5
394,43,6
395,44,8
396,47,4
397,39,4
398,45,10
399,44,8
400,45,9
401,41,2
402,40,6
403,46,8
404,41,7
405,40,7
406,38,2
407,48,10
408,46,14
409,44,5
410,44,5
411,38,6
412,43,4
413,34,1
414,49,7
415,47,11
416,42,7
417,48,9
418,40,4
419,49,11
420,51,15
421,33,1
422,58,23
423,58,16
424,38,7
425,49,13
426,48,9
427,41,10
428,45,7
429,39,8
430,52,16
431,48,10
432,46,9
433,35,2
434,41,5
435,40,4
436,47,10
437,34,0
438,42,8
439,39,4
440,37,3
441,48,10
442,49,8
443,40,4
444,40,3
445,44,6
446,40,5
447,41,9
448,51,16
449,46,5
450,49,14
451,38,4
452,41,5
453,42,4
454,45,9
455,37,0
456,51,13
457,33,2
458,36,0
459,42,6
460,46,14
461,45,8
462,40,2
463,46,9
464,43,5
465,42,4
466,34,2
467,44,5
468,40,6
469,50,18
470,45,9
471,41,6
472,44,5
473,48,5
474,51,9
475,40,7
476,50,15
477,48,10
478,42,1
479,45,6
480,51,14
481,36,2
482,42,8
483,44,7
484,45,6
485,33,2
486,47,10
487,47,9
488,45,8
489,39,4
490,47,4
491,37,3
492,41,6
493,37,5
494,45,6
495,37,3
496,40,6
497,46,10
498,40,6
499,38,5
500,49,11
501,48,13
502,47,10
503,43,5
504,48,9
505,43,2
506,40,5
507,36,1
508,43,5
509,38,1
510,36,1
511,42,5
512,33,0
513,43,5
514,33,3
515,42,5
516,41,4
517,39,1
518,38,5
519,40,4
520,35,1
521,43,5
522,37,6
523,41,6
524,53,14
525,43,11
526,50,12
527,37,0
528,43,10
529,48,10
530,55,13
531,34,3
532,41,7
533,44,6
534,42,9
535,43,7
536,45,8
537,43,6
538,36,2
539,43,9
540,37,4
541,37,5
542,40,6
543,53,19
544,36,2
545,44,8
546,39,4
547,45,7
548,45,5
549,38,6
550,43,6
551,40,7
552,42,6
553,48,9
554,47,6
555,39,5
556,40,2
557,38,3
558,37,4
559,51,11
560,37,4
561,40,1
562,46,9
563,36,4
564,46,5
565,37,3
566,41,7
567,56,15
568,41,5
569,45,7
570,42,6
571,39,3
572,37,1
573,40,6
574,44,8
575,41,7
576,41,4
577,35,3
578,39,4
579,42,5
580,45,9
581,42,4
582,38,1
583,49,9
584,46,8
585,40,5
586,39,6
587,40,5
588,49,11
589,49,7
590,41,5
591,45,5
592,48,9
593,50,7
594,38,4
595,52,18
596,35,2
597,41,5
598,38,6
599,36,2
600,38,3
601,37,4
602,41,6
603,38,3
604,40,4
605,40,5
606,40,4
607,50,9
608,47,13
609,35,1
610,40,5
611,42,8
612,43,4
613,52,15
614,48,10
615,43,7
616,46,11
617,39,4
618,44,4
619,36,2
620,47,9
621,60,20
622,49,10
623,39,3
624,39,2
625,41,5
626,51,13
627,46,6
628,51,13
629,38,6
630,48,9
631,35,2
632,59,16
633,40,4
634,39,5
635,48,11
636,39,6
637,49,14
638,45,7
639,43,6
640,39,3
641,41,6
642,51,14
643,41,9
644,34,0
645,47,10
646,46,7
647,38,8
648,42,7
649,40,5
650,40,3
651,47,13
652,36,6
653,40,3
654,42,4
655,40,4
656,40,2
657,40,3
658,43,9
659,37,3
660,40,3
661,39,2
662,40,4
663,53,13
664,46,6
665,48,7
666,39,2
667,46,12
668,45,7
669,50,8
670,44,5
671,46,11
672,42,3
673,48,8
674,45,7
675,43,6
676,44,8
677,37,0
678,47,10
679,43,3
680,44,8
681,46,5
682,47,7
683,37,5
684,49,11
685,45,6
686,44,10
687,41,6
688,41,6
689,38,4
690,43,8
691,40,3
692,44,9
693,41,1
694,35,2
695,41,2
696,48,14
697,50,13
698,37,0
699,37,2
700,36,3
701,37,6
702,36,2
703,51,11
704,45,5
705,47,6
706,39,4
707,43,1
708,36,3
709,34,4
710,36,1
711,45,4
712,47,7
713,47,9
714,42,8
715,49,8
716,43,7
717,48,12
718,44,9
719,43,7
720,39,4
721,51,10
722,46,7
723,35,2
724,34,3
725,43,8
726,44,7
727,47,9
728,40,5
729,41,6
730,43,6
731,37,5
732,41,9
733,36,1
734,39,3
735,47,8
736,39,4
737,39,4
738,33,0
739,54,11
740,42,10
741,40,3
742,56,18
743,46,9
744,58,15
745,41,5
746,36,4
747,43,6
748,46,11
749,41,4
750,43,12
751,40,9
752,50,9
753,34,1
754,56,16
755,45,6
756,40,4
757,46,5
758,43,7
759,40,8
760,50,8
761,48,12
762,42,8
763,30,0
764,42,3
765,45,12
766,49,10
767,34,1
768,40,5
769,47,9
770,45,4
771,43,5
772,43,6
773,42,3
774,41,2
775,40,4
776,44,4
777,49,12
778,40,5
779,42,4
780,42,12
781,35,0
782,38,5
783,37,4
784,43,4
785,47,11
786,49,10
787,44,8
788,42,3
789,44,9
790,41,8
791,45,7
792,44,8
793,39,3
794,44,4
795,47,10
796,41,8
797,40,4
798,38,7
799,37,1
800,36,2
801,50,12
802,55,18
803,46,10
804,45,5
805,37,4
806,45,8
807,39,5
808,32,0
809,36,3
810,41,5
811,34,3
812,48,15
813,36,3
814,43,10
815,40,9
816,41,6
817,48,13
818,35,4
819,34,1
820,39,5
821,48,11
822,37,1
823,38,2
824,46,3
825,50,10
826,40,5
827,43,6
828,42,8
829,39,1
830,46,8
831,45,8
832,45,9
833,42,10
834,36,2
835,37,2
836,42,5
837,37,1
838,52,10
839,45,8
840,39,4
841,48,12
842,44,4
843,47,10
844,45,6
845,41,6
846,51,13
847,46,6
848,41,5
849,48,9
850,43,8
851,38,5
852,46,7
853,39,3
854,45,5
855,53,15
856,44,7
857,51,13
858,41,5
859,43,6
860,32,0
861,49,12
862,35,0
863,42,5
864,41,4
865,34,3
866,41,6
867,34,6
868,43,9
869,51,13
870,39,2
871,44,5
872,37,4
873,51,18
874,50,11
875,43,10
876,39,3
877,38,3
878,35,1
879,42,4
880,42,5
881,45,7
882,51,11
883,38,3
884,37,5
885,42,3
886,42,4
887,36,3
888,47,14
889,47,7
890,42,3
891,50,19
892,41,6
893,47,12
894,35,1
895,44,9
896,43,7
897,40,4
898,40,5
899,48,14
900,53,16
901,54,16
902,37,0
903,43,5
904,54,12
905,44,5
906,41,8
907,39,3
908,44,7
909,47,10
910,43,7
911,38,3
912,38,5
913,43,6
914,38,4
915,52,13
916,46,4
917,40,5
918,40,8
919,44,6
920,44,5
921,36,1
922,47,4
923,40,6
924,40,7
925,41,2
926,50,12
927,41,3
928,48,12
929,48,11
930,52,13
931,36,1
932,40,6
933,42,6
934,47,13
935,35,0
936,43,4
937,38,0
938,43,3
939,48,6
940,45,6
941,43,5
942,44,7
943,36,1
944,49,14
945,38,0
946,41,6
947,53,11
948,51,14
949,42,8
950,39,4
951,50,12
952,47,7
953,35,2
954,40,4
955,45,7
956,36,2
957,49,14
958,35,2
959,43,6
960,46,9
961,46,5
962,34,3
963,48,12
964,46,8
965,43,2
966,37,3
967,46,7
968,47,9
969,40,4
970,50,8
971,49,9
972,55,13
973,39,5
974,51,14
975,42,8
976,48,13
977,49,7
978,43,8
979,43,12
980,39,4
981,46,6
982,50,3
983,35,6
984,46,7
985,48,13
986,36,3
987,44,10
988,41,7
989,39,7
990,37,0
991,53,19
992,47,7
993,33,0
994,34,3
995,43,8
996,40,6
997,44,10
998,41,6
999,43,4
1000,48,14
