NUM,ATBAT,SCORE
1,39,0
2,54,16
3,57,17
4,40,2
5,44,6
6,54,13
7,53,16
8,53,10
9,42,3
10,42,6
11,58,19
12,51,9
13,54,12
14,54,17
15,58,18
16,59,18
17,37,1
18,57,10
19,45,7
20,49,11
21,47,6
22,41,5
23,44,7
24,39,6
25,55,17
26,53,9
27,56,13
28,52,7
29,41,2
30,38,1
31,46,5
32,46,6
33,49,10
34,47,10
35,59,15
36,64,17
37,46,11
38,54,21
39,47,10
40,52,13
41,44,5
42,49,8
43,45,12
44,46,6
45,60,19
46,53,15
47,43,5
48,53,8
49,60,13
50,51,9
51,51,8
52,51,17
53,53,13
54,42,5
55,47,6
56,46,8
57,56,18
58,56,17
59,62,17
60,54,15
61,54,16
62,55,11
63,45,6
64,60,18
65,50,8
66,53,12
67,44,3
68,50,11
69,50,15
70,37,6
71,42,5
72,69,24
73,36,1
74,43,5
75,52,11
76,51,15
77,55,20
78,46,6
79,55,17
80,52,18
81,52,8
82,44,10
83,42,0
84,50,5
85,41,3
86,55,13
87,47,6
88,57,16
89,48,7
90,43,8
91,43,2
92,65,19
93,63,24
94,55,13
95,57,18
96,56,15
97,59,18
98,71,28
99,41,4
100,48,6
101,48,8
102,51,6
103,43,8
104,53,12
105,45,4
106,52,11
107,52,15
108,56,18
109,56,16
110,64,19
111,46,10
112,56,13
113,56,20
114,45,6
115,60,17
116,47,5
117,55,15
118,48,13
119,51,15
120,54,14
121,48,11
122,46,3
123,46,7
124,53,13
125,62,21
126,70,31
127,62,25
128,49,9
129,44,9
130,56,13
131,52,9
132,56,12
133,49,10
134,47,12
135,56,9
136,59,18
137,47,13
138,46,9
139,58,22
140,54,16
141,53,11
142,48,8
143,49,13
144,51,16
145,53,17
146,57,13
147,45,9
148,49,8
149,49,10
150,48,12
151,43,6
152,62,22
153,64,18
154,59,18
155,51,11
156,52,8
157,57,20
158,59,18
159,43,7
160,60,19
161,47,10
162,48,11
163,42,4
164,68,21
165,47,10
166,48,9
167,59,14
168,43,4
169,50,13
170,47,9
171,46,9
172,48,7
173,48,10
174,46,10
175,57,17
176,56,14
177,46,9
178,44,5
179,55,12
180,45,7
181,46,4
182,60,21
183,54,11
184,50,11
185,65,22
186,48,12
187,53,13
188,45,5
189,48,8
190,53,11
191,50,7
192,43,3
193,71,30
194,39,4
195,46,11
196,48,7
197,51,11
198,48,8
199,50,10
200,48,9
201,53,15
202,53,10
203,51,10
204,64,21
205,44,2
206,67,27
207,48,10
208,49,10
209,42,7
210,53,12
211,47,9
212,53,13
213,48,11
214,50,9
215,54,17
216,41,4
217,41,2
218,49,11
219,54,17
220,55,12
221,46,4
222,49,11
223,59,24
224,65,25
225,52,16
226,51,12
227,61,18
228,58,17
229,46,8
230,47,11
231,46,12
232,54,12
233,44,4
234,67,25
235,56,15
236,60,21
237,45,7
238,54,14
239,62,20
240,49,10
241,51,9
242,58,15
243,55,12
244,50,13
245,43,7
246,45,10
247,52,8
248,44,7
249,68,23
250,54,12
251,60,22
252,56,12
253,58,18
254,65,20
255,65,25
256,50,9
257,41,5
258,54,10
259,43,4
260,53,12
261,42,5
262,53,16
263,48,9
264,48,4
265,62,14
266,50,13
267,48,14
268,60,21
269,44,8
270,57,11
271,57,19
272,60,18
273,55,10
274,43,7
275,64,20
276,62,22
277,45,5
278,39,2
279,67,27
280,58,21
281,57,12
282,49,12
283,48,9
284,61,18
285,48,5
286,42,3
287,43,2
288,56,15
289,55,12
290,40,3
291,67,26
292,56,13
293,46,13
294,54,11
295,54,15
296,42,6
297,43,2
298,58,17
299,44,4
300,50,5
301,47,8
302,56,17
303,51,10
304,53,11
305,54,12
306,49,8
307,47,11
308,52,14
309,61,22
310,53,6
311,46,9
312,55,17
313,50,12
314,44,9
315,47,9
316,55,10
317,52,12
318,55,12
319,49,12
320,70,25
321,44,4
322,50,10
323,55,12
324,65,22
325,47,10
326,56,14
327,47,7
328,39,4
329,46,7
330,60,16
331,42,5
332,47,7
333,42,4
334,46,5
335,53,15
336,44,5
337,67,21
338,45,5
339,50,11
340,48,11
341,46,11
342,56,17
343,51,11
344,51,17
345,62,16
346,55,15
347,46,6
348,47,8
349,55,10
350,55,14
351,47,5
352,43,3
353,40,4
354,49,8
355,52,10
356,53,17
357,67,22
358,64,17
359,62,15
360,48,6
361,43,4
362,47,13
363,45,4
364,49,6
365,62,18
366,50,8
367,51,15
368,49,10
369,49,11
370,48,7
371,56,12
372,51,14
373,48,7
374,50,9
375,48,12
376,43,5
377,47,9
378,50,8
379,54,15
380,50,20
381,68,21
382,61,15
383,50,9
384,56,15
385,47,8
386,56,12
387,66,24
388,53,10
389,55,18
390,45,6
391,49,13
392,50,7
393,56,7
394,53,15
395,50,10
396,51,9
397,57,11
398,54,14
399,52,10
400,49,9
401,60,16
402,62,18
403,52,12
404,35,0
405,49,9
406,44,4
407,43,5
408,51,7
409,58,18
410,55,17
411,46,8
412,52,9
413,60,18
414,40,1
415,44,3
416,67,23
417,50,11
418,49,7
419,49,8
420,61,16
421,56,16
422,49,13
423,51,11
424,53,11
425,44,8
426,60,15
427,51,18
428,59,19
429,54,15
430,64,19
431,56,12
432,56,11
433,49,9
434,41,4
435,56,15
436,48,12
437,48,12
438,61,19
439,55,16
440,44,8
441,56,11
442,51,12
443,64,23
444,55,13
445,50,7
446,51,7
447,48,13
448,44,4
449,64,26
450,54,15
451,59,18
452,50,11
453,47,7
454,49,10
455,45,4
456,48,12
457,64,25
458,41,6
459,54,7
460,56,15
461,49,7
462,42,4
463,40,6
464,45,8
465,52,11
466,53,8
467,48,9
468,52,12
469,60,19
470,54,12
471,50,13
472,53,13
473,49,8
474,54,16
475,52,12
476,54,15
477,43,5
478,47,6
479,54,12
480,51,8
481,45,9
482,57,19
483,46,6
484,47,6
485,55,11
486,54,13
487,54,13
488,57,19
489,55,14
490,50,9
491,50,11
492,51,11
493,50,9
494,59,24
495,52,9
496,54,10
497,36,5
498,54,16
499,42,4
500,58,18
501,55,15
502,52,15
503,48,8
504,50,5
505,54,17
506,59,18
507,56,18
508,55,13
509,43,5
510,42,7
511,48,5
512,45,4
513,44,7
514,49,11
515,43,5
516,48,8
517,57,13
518,46,10
519,58,17
520,60,24
521,58,22
522,52,10
523,60,17
524,57,13
525,55,13
526,52,11
527,46,8
528,56,15
529,58,18
530,59,16
531,44,7
532,46,8
533,43,8
534,56,15
535,43,7
536,67,27
537,48,8
538,59,17
539,43,6
540,51,15
541,70,30
542,53,16
543,53,15
544,49,12
545,57,16
546,56,10
547,56,20
548,57,16
549,54,12
550,64,23
551,44,6
552,54,10
553,53,14
554,50,10
555,48,11
556,48,11
557,48,6
558,66,25
559,49,8
560,47,7
561,54,15
562,50,13
563,52,11
564,47,8
565,50,8
566,53,15
567,48,7
568,45,6
569,47,11
570,48,4
571,51,10
572,52,13
573,49,9
574,38,2
575,41,4
576,74,33
577,50,11
578,53,16
579,45,5
580,40,4
581,55,14
582,59,19
583,50,10
584,52,11
585,44,10
586,49,10
587,51,9
588,50,12
589,51,13
590,55,14
591,51,13
592,54,15
593,48,8
594,51,11
595,46,7
596,39,5
597,40,4
598,50,12
599,53,17
600,49,8
601,50,9
602,66,21
603,49,9
604,64,24
605,43,8
606,53,17
607,57,20
608,63,16
609,51,12
610,54,12
611,54,12
612,54,14
613,57,16
614,50,8
615,51,12
616,50,12
617,59,12
618,41,2
619,56,17
620,38,6
621,47,4
622,45,6
623,43,5
624,68,26
625,50,12
626,49,10
627,47,4
628,52,15
629,67,27
630,50,7
631,50,11
632,38,2
633,47,15
634,54,12
635,57,15
636,49,11
637,58,17
638,53,15
639,48,11
640,50,7
641,53,15
642,52,9
643,49,6
644,58,16
645,46,11
646,40,4
647,56,16
648,41,7
649,45,3
650,53,12
651,50,9
652,54,13
653,49,12
654,48,8
655,58,19
656,37,3
657,58,16
658,51,11
659,60,16
660,60,19
661,48,11
662,62,19
663,54,13
664,55,16
665,61,20
666,54,12
667,46,5
668,56,14
669,43,6
670,52,11
671,45,8
672,45,6
673,53,11
674,45,7
675,50,11
676,57,13
677,57,23
678,48,7
679,55,14
680,51,8
681,52,11
682,44,7
683,61,15
684,59,17
685,36,4
686,59,16
687,59,19
688,50,13
689,47,14
690,47,8
691,54,11
692,54,15
693,59,20
694,57,13
695,50,12
696,58,16
697,43,7
698,50,8
699,42,6
700,66,27
701,43,8
702,45,8
703,41,2
704,47,10
705,44,8
706,39,2
707,50,16
708,58,21
709,59,17
710,51,13
711,46,3
712,38,3
713,46,5
714,48,10
715,40,6
716,45,10
717,54,13
718,54,14
719,60,19
720,51,10
721,52,14
722,48,8
723,65,25
724,52,13
725,51,13
726,54,14
727,48,9
728,40,3
729,54,16
730,49,11
731,55,14
732,51,13
733,67,24
734,42,5
735,53,14
736,46,5
737,57,21
738,47,9
739,41,5
740,52,12
741,46,6
742,53,14
743,63,18
744,43,9
745,55,21
746,49,9
747,58,18
748,55,13
749,72,29
750,52,10
751,59,14
752,45,5
753,52,15
754,45,6
755,47,7
756,41,3
757,55,13
758,37,4
759,51,10
760,51,10
761,58,18
762,55,18
763,51,12
764,54,12
765,58,9
766,54,12
767,46,10
768,50,10
769,49,12
770,37,1
771,46,5
772,61,19
773,48,12
774,49,7
775,48,8
776,62,24
777,42,7
778,59,14
779,39,4
780,63,27
781,50,11
782,60,18
783,46,7
784,37,7
785,40,1
786,59,17
787,49,8
788,63,17
789,58,13
790,60,17
791,59,14
792,50,12
793,44,7
794,41,2
795,47,7
796,65,20
797,59,18
798,55,13
799,51,13
800,47,8
801,46,4
802,48,8
803,48,7
804,54,12
805,62,21
806,49,4
807,46,6
808,45,11
809,47,10
810,50,11
811,50,11
812,58,17
813,49,7
814,65,20
815,66,22
816,56,16
817,58,17
818,48,10
819,68,25
820,48,5
821,51,12
822,50,13
823,51,12
824,54,12
825,55,20
826,64,20
827,59,21
828,49,9
829,53,17
830,44,9
831,51,10
832,54,13
833,44,11
834,41,4
835,51,14
836,49,10
837,56,14
838,69,26
839,56,15
840,44,7
841,60,20
842,41,7
843,55,16
844,38,1
845,49,13
846,61,17
847,47,4
848,57,17
849,56,13
850,58,15
851,41,2
852,49,11
853,54,13
854,53,8
855,60,16
856,53,16
857,51,9
858,51,17
859,66,25
860,55,10
861,51,16
862,44,13
863,44,8
864,55,11
865,60,16
866,42,6
867,48,5
868,51,10
869,52,17
870,47,10
871,41,4
872,43,4
873,54,17
874,53,13
875,45,3
876,51,9
877,46,9
878,51,14
879,46,8
880,49,5
881,45,11
882,48,10
883,42,6
884,49,11
885,62,17
886,37,1
887,59,20
888,47,11
889,49,8
890,50,11
891,49,10
892,49,9
893,49,10
894,47,8
895,51,10
896,40,3
897,56,15
898,55,12
899,53,12
900,56,14
901,65,23
902,56,14
903,49,13
904,55,16
905,36,2
906,53,14
907,47,11
908,50,12
909,56,21
910,57,17
911,50,5
912,63,22
913,48,2
914,44,6
915,47,7
916,47,6
917,59,14
918,38,5
919,37,2
920,47,8
921,52,11
922,35,2
923,51,14
924,54,11
925,54,15
926,57,16
927,46,9
928,59,11
929,44,6
930,54,18
931,44,4
932,49,11
933,54,15
934,56,20
935,61,21
936,50,14
937,57,13
938,55,13
939,37,3
940,48,10
941,45,3
942,48,9
943,50,10
944,51,12
945,62,26
946,64,20
947,47,9
948,44,7
949,60,24
950,48,5
951,56,16
952,66,20
953,51,13
954,65,23
955,40,4
956,47,8
957,44,6
958,55,13
959,50,12
960,43,3
961,48,5
962,52,17
963,44,9
964,50,8
965,41,7
966,46,4
967,51,13
968,57,16
969,56,13
970,51,11
971,53,16
972,44,7
973,54,11
974,45,5
975,48,11
976,46,8
977,53,16
978,54,16
979,55,20
980,53,11
981,47,8
982,45,7
983,60,15
984,52,12
985,63,21
986,49,13
987,47,6
988,62,22
989,49,12
990,41,4
991,43,6
992,56,16
993,60,23
994,53,13
995,44,3
996,47,9
997,69,23
998,43,6
999,54,17
1000,57,16
