NUM,ATBAT,SCORE
1,38,1
2,60,9
3,44,2
4,43,4
5,46,4
6,43,2
7,35,0
8,53,10
9,48,6
10,45,4
11,39,1
12,54,11
13,44,2
14,43,1
15,39,3
16,49,9
17,44,2
18,40,3
19,45,3
20,47,3
21,40,3
22,40,3
23,37,3
24,44,7
25,40,1
26,47,3
27,47,6
28,45,6
29,43,5
30,42,5
31,46,1
32,37,3
33,46,4
34,41,0
35,41,4
36,64,17
37,39,2
38,42,2
39,36,1
40,47,9
41,45,6
42,55,14
43,41,2
44,47,7
45,46,3
46,52,8
47,45,2
48,48,7
49,48,8
50,51,7
51,40,5
52,39,0
53,51,8
54,45,3
55,37,0
56,51,7
57,50,12
58,56,15
59,47,9
60,43,6
61,39,1
62,59,12
63,43,3
64,58,15
65,44,4
66,50,8
67,44,5
68,47,6
69,38,2
70,45,5
71,45,6
72,43,7
73,43,1
74,39,2
75,36,0
76,43,6
77,58,15
78,44,6
79,39,2
80,47,5
81,44,3
82,40,1
83,47,5
84,42,2
85,42,3
86,45,5
87,45,5
88,48,6
89,59,18
90,45,7
91,46,5
92,43,2
93,43,6
94,54,10
95,45,2
96,38,1
97,40,3
98,54,8
99,56,13
100,42,5
101,37,1
102,41,4
103,45,5
104,44,3
105,45,2
106,54,9
107,43,8
108,42,3
109,48,6
110,40,6
111,35,0
112,40,3
113,44,3
114,44,3
115,51,8
116,44,3
117,39,3
118,36,1
119,32,0
120,38,0
121,39,1
122,39,3
123,42,0
124,38,1
125,50,5
126,45,4
127,51,12
128,44,4
129,44,5
130,43,1
131,49,7
132,46,7
133,41,3
134,52,7
135,39,2
136,42,4
137,40,0
138,46,5
139,41,4
140,49,4
141,38,2
142,45,2
143,44,4
144,44,9
145,56,11
146,40,1
147,39,1
148,51,7
149,41,1
150,37,1
151,38,0
152,46,4
153,47,5
154,42,2
155,39,0
156,40,3
157,43,3
158,52,5
159,51,8
160,36,0
161,44,3
162,40,0
163,36,0
164,46,3
165,47,5
166,41,5
167,43,2
168,56,10
169,40,0
170,43,7
171,46,5
172,43,4
173,46,4
174,40,1
175,42,3
176,39,3
177,41,2
178,38,0
179,37,1
180,38,1
181,43,4
182,45,6
183,45,3
184,48,3
185,38,4
186,40,0
187,45,2
188,44,0
189,50,8
190,52,7
191,47,7
192,52,9
193,52,12
194,44,6
195,43,3
196,43,5
197,50,4
198,44,3
199,39,3
200,47,3
201,40,3
202,52,8
203,39,1
204,41,0
205,45,3
206,51,11
207,47,6
208,45,5
209,44,5
210,48,4
211,40,1
212,41,1
213,50,10
214,44,4
215,47,5
216,40,2
217,44,10
218,44,5
219,58,15
220,44,3
221,59,14
222,53,8
223,44,4
224,49,8
225,45,6
226,46,3
227,50,8
228,44,3
229,45,6
230,42,2
231,45,1
232,36,0
233,45,8
234,42,3
235,39,2
236,43,4
237,41,3
238,46,7
239,43,4
240,49,6
241,45,3
242,48,6
243,44,7
244,46,9
245,44,5
246,43,3
247,52,8
248,48,10
249,42,5
250,46,6
251,47,4
252,42,1
253,37,1
254,44,2
255,40,3
256,50,7
257,43,5
258,33,0
259,42,2
260,38,0
261,44,2
262,46,5
263,42,2
264,51,10
265,44,3
266,39,3
267,41,4
268,40,4
269,40,0
270,49,5
271,56,11
272,51,9
273,57,10
274,43,3
275,44,3
276,46,2
277,48,3
278,45,5
279,41,2
280,53,7
281,41,1
282,40,3
283,46,7
284,45,7
285,36,0
286,39,2
287,47,4
288,40,4
289,57,12
290,38,2
291,48,8
292,45,9
293,46,3
294,54,11
295,45,6
296,42,3
297,40,2
298,47,8
299,43,3
300,35,2
301,38,1
302,48,7
303,43,3
304,46,2
305,46,4
306,48,4
307,44,7
308,40,0
309,49,10
310,39,1
311,36,2
312,44,5
313,39,0
314,45,4
315,38,2
316,49,6
317,39,1
318,41,2
319,44,3
320,54,12
321,44,2
322,41,3
323,48,11
324,34,0
325,47,6
326,59,12
327,44,2
328,46,5
329,54,9
330,46,4
331,40,2
332,48,6
333,42,2
334,51,9
335,52,12
336,46,7
337,42,2
338,45,3
339,36,1
340,45,6
341,42,2
342,39,1
343,38,0
344,48,6
345,41,2
346,40,0
347,51,13
348,37,0
349,45,1
350,47,5
351,39,3
352,44,5
353,47,5
354,46,4
355,40,1
356,40,2
357,61,18
358,58,17
359,42,1
360,45,4
361,40,0
362,36,0
363,38,1
364,38,0
365,46,6
366,48,6
367,49,9
368,40,1
369,43,3
370,42,4
371,47,4
372,41,1
373,38,1
374,45,0
375,54,11
376,49,6
377,39,1
378,40,1
379,33,0
380,47,5
381,43,4
382,43,0
383,41,0
384,47,2
385,43,6
386,49,3
387,44,4
388,44,4
389,43,7
390,47,4
391,45,5
392,49,6
393,43,3
394,42,3
395,62,14
396,42,3
397,39,2
398,51,8
399,47,4
400,47,5
401,47,6
402,37,0
403,45,4
404,44,3
405,56,12
406,40,5
407,51,7
408,34,1
409,45,4
410,42,6
411,46,7
412,43,6
413,46,5
414,35,1
415,53,11
416,43,2
417,42,3
418,42,1
419,40,2
420,57,9
421,48,9
422,50,12
423,46,3
424,42,5
425,47,3
426,45,4
427,42,3
428,45,4
429,53,10
430,46,7
431,51,7
432,45,2
433,43,4
434,40,2
435,39,3
436,44,6
437,39,3
438,46,8
439,47,3
440,38,0
441,46,4
442,45,7
443,47,3
444,46,4
445,42,5
446,46,8
447,42,2
448,48,8
449,40,1
450,46,5
451,44,2
452,49,5
453,57,19
454,38,2
455,40,1
456,42,4
457,43,4
458,43,5
459,38,2
460,43,1
461,51,13
462,48,9
463,41,1
464,39,1
465,55,11
466,38,2
467,53,10
468,45,7
469,36,0
470,44,4
471,60,13
472,44,2
473,49,7
474,51,8
475,42,3
476,42,1
477,42,2
478,42,3
479,45,6
480,43,2
481,37,3
482,44,4
483,46,3
484,42,5
485,37,1
486,43,3
487,36,0
488,46,3
489,54,10
490,46,6
491,37,1
492,48,4
493,44,3
494,47,6
495,43,4
496,48,7
497,45,5
498,49,8
499,45,3
500,39,2
501,40,2
502,43,8
503,42,1
504,54,10
505,46,6
506,54,9
507,44,1
508,49,9
509,47,4
510,45,3
511,43,7
512,44,6
513,41,1
514,42,5
515,43,3
516,50,5
517,41,2
518,42,4
519,37,3
520,49,8
521,51,8
522,44,9
523,44,4
524,32,0
525,47,2
526,43,3
527,47,8
528,42,3
529,38,2
530,46,4
531,38,1
532,44,5
533,41,4
534,46,5
535,46,3
536,45,4
537,38,2
538,42,1
539,45,4
540,46,6
541,41,4
542,49,8
543,45,5
544,49,7
545,45,5
546,42,1
547,38,2
548,40,4
549,44,2
550,43,5
551,44,3
552,49,4
553,36,1
554,47,7
555,52,15
556,49,10
557,36,2
558,45,4
559,42,5
560,46,2
561,56,8
562,43,4
563,33,2
564,39,0
565,38,3
566,39,4
567,49,6
568,43,4
569,39,4
570,45,7
571,40,3
572,48,4
573,48,5
574,43,3
575,40,1
576,39,0
577,36,1
578,56,10
579,43,5
580,45,5
581,42,2
582,44,5
583,42,3
584,41,3
585,45,3
586,35,2
587,48,7
588,44,4
589,36,0
590,43,1
591,41,1
592,42,3
593,54,11
594,49,5
595,40,2
596,45,9
597,44,5
598,41,1
599,50,6
600,55,8
601,56,10
602,45,4
603,50,4
604,42,3
605,45,7
606,42,4
607,51,9
608,37,0
609,44,4
610,48,6
611,38,2
612,40,2
613,46,5
614,51,5
615,39,0
616,42,2
617,35,0
618,43,3
619,41,3
620,43,3
621,47,4
622,38,2
623,42,3
624,48,2
625,37,1
626,41,3
627,41,0
628,37,3
629,45,5
630,57,14
631,35,0
632,39,1
633,38,1
634,42,5
635,46,7
636,41,2
637,41,1
638,45,4
639,49,4
640,42,1
641,43,2
642,41,4
643,52,11
644,34,0
645,49,1
646,58,15
647,43,2
648,39,1
649,44,3
650,35,0
651,40,1
652,44,3
653,50,8
654,59,13
655,41,1
656,38,1
657,38,0
658,42,6
659,54,11
660,37,0
661,34,2
662,41,5
663,44,3
664,41,1
665,45,3
666,34,1
667,47,9
668,53,8
669,46,4
670,45,3
671,41,2
672,48,6
673,43,2
674,39,3
675,49,7
676,51,9
677,44,3
678,47,5
679,44,5
680,33,0
681,43,4
682,53,13
683,36,1
684,42,2
685,35,0
686,48,7
687,52,9
688,40,4
689,52,6
690,47,4
691,63,19
692,43,3
693,42,4
694,42,7
695,45,6
696,45,3
697,42,2
698,38,2
699,48,7
700,51,4
701,45,6
702,48,5
703,41,3
704,40,0
705,47,6
706,44,5
707,52,11
708,36,0
709,40,3
710,49,8
711,53,6
712,50,7
713,47,7
714,50,10
715,49,9
716,43,4
717,50,6
718,42,3
719,42,6
720,44,3
721,47,7
722,44,5
723,42,5
724,35,0
725,42,5
726,49,7
727,45,5
728,40,2
729,43,3
730,55,10
731,47,8
732,62,18
733,50,11
734,44,4
735,50,4
736,46,8
737,45,3
738,46,6
739,37,3
740,43,3
741,41,5
742,40,1
743,43,4
744,49,4
745,49,7
746,46,4
747,52,8
748,38,2
749,44,1
750,47,5
751,42,2
752,42,3
753,43,1
754,45,3
755,52,10
756,47,5
757,45,4
758,46,4
759,41,2
760,44,0
761,43,0
762,42,6
763,47,5
764,46,2
765,48,4
766,47,3
767,44,3
768,48,6
769,41,4
770,30,0
771,40,1
772,39,1
773,41,2
774,52,8
775,48,5
776,51,7
777,49,6
778,49,8
779,51,8
780,39,1
781,31,1
782,41,2
783,36,0
784,42,1
785,46,9
786,50,7
787,44,6
788,37,4
789,47,7
790,46,5
791,42,3
792,48,8
793,50,12
794,43,3
795,44,3
796,42,3
797,46,4
798,40,2
799,50,10
800,41,1
801,53,11
802,39,4
803,53,7
804,42,2
805,49,6
806,46,6
807,44,3
808,41,3
809,47,5
810,39,2
811,44,4
812,43,2
813,48,6
814,41,0
815,54,9
816,44,2
817,50,6
818,49,1
819,36,0
820,52,10
821,44,3
822,52,8
823,29,0
824,47,3
825,45,4
826,43,1
827,41,3
828,38,3
829,38,0
830,47,7
831,49,8
832,38,1
833,45,1
834,47,4
835,40,2
836,47,5
837,40,3
838,54,8
839,40,3
840,41,1
841,52,12
842,56,14
843,43,3
844,39,2
845,40,3
846,39,3
847,39,1
848,51,6
849,43,3
850,39,2
851,48,9
852,37,3
853,41,3
854,48,6
855,36,0
856,38,0
857,48,7
858,35,1
859,37,1
860,49,9
861,40,1
862,46,4
863,48,6
864,42,2
865,54,9
866,47,8
867,38,3
868,37,1
869,43,1
870,47,7
871,49,4
872,48,7
873,44,3
874,36,0
875,42,5
876,44,5
877,43,4
878,37,1
879,46,4
880,45,4
881,50,6
882,40,1
883,48,8
884,43,1
885,39,1
886,66,18
887,50,8
888,45,4
889,47,8
890,43,3
891,47,5
892,48,7
893,46,12
894,36,2
895,51,10
896,50,6
897,42,2
898,40,2
899,46,4
900,44,3
901,40,2
902,40,2
903,40,2
904,41,1
905,42,4
906,52,8
907,40,1
908,47,4
909,49,5
910,43,5
911,38,1
912,50,8
913,37,1
914,46,5
915,51,9
916,41,1
917,42,2
918,43,7
919,44,4
920,34,0
921,50,4
922,44,5
923,43,3
924,47,5
925,44,4
926,45,2
927,49,3
928,43,4
929,45,5
930,41,0
931,42,3
932,39,1
933,40,3
934,39,2
935,41,2
936,42,1
937,39,1
938,42,2
939,53,9
940,43,3
941,43,5
942,46,3
943,46,5
944,38,4
945,47,11
946,55,10
947,38,1
948,48,7
949,45,3
950,38,2
951,37,1
952,52,5
953,40,2
954,46,3
955,43,4
956,40,2
957,48,8
958,42,1
959,47,6
960,54,6
961,53,5
962,43,4
963,34,0
964,48,6
965,42,5
966,43,2
967,50,5
968,53,10
969,45,3
970,44,5
971,44,3
972,50,10
973,39,0
974,44,3
975,44,5
976,42,2
977,54,10
978,49,7
979,43,5
980,44,3
981,45,3
982,37,2
983,39,1
984,34,0
985,46,8
986,51,8
987,39,2
988,46,7
989,43,3
990,45,7
991,47,8
992,43,2
993,46,7
994,43,4
995,44,5
996,36,1
997,39,1
998,40,3
999,55,9
1000,49,8
