NUM,ATBAT,SCORE
1,40,3
2,43,5
3,47,5
4,41,2
5,37,3
6,40,2
7,35,1
8,39,4
9,45,8
10,40,3
11,48,8
12,43,5
13,48,9
14,45,6
15,38,0
16,41,5
17,43,3
18,48,6
19,42,4
20,44,4
21,46,5
22,33,0
23,33,0
24,40,9
25,43,3
26,39,4
27,45,4
28,44,5
29,38,1
30,49,11
31,45,6
32,50,11
33,44,4
34,52,13
35,40,3
36,45,6
37,42,3
38,42,5
39,39,3
40,40,4
41,46,4
42,45,8
43,45,6
44,38,4
45,45,6
46,36,0
47,42,7
48,39,5
49,38,1
50,45,5
51,56,19
52,44,5
53,39,4
54,41,5
55,45,8
56,48,8
57,47,7
58,47,3
59,44,9
60,39,2
61,50,5
62,36,3
63,46,7
64,46,7
65,44,9
66,57,17
67,41,1
68,45,4
69,47,8
70,43,3
71,46,9
72,38,4
73,40,5
74,37,2
75,44,6
76,43,6
77,51,12
78,42,6
79,38,2
80,37,2
81,41,0
82,48,7
83,50,10
84,40,3
85,44,2
86,40,2
87,45,7
88,45,6
89,46,7
90,47,10
91,39,3
92,32,0
93,48,10
94,44,3
95,48,9
96,46,7
97,44,3
98,44,7
99,39,1
100,54,13
101,42,5
102,47,8
103,40,6
104,41,4
105,44,7
106,38,8
107,42,6
108,41,3
109,54,8
110,47,7
111,48,5
112,38,2
113,54,12
114,34,2
115,41,4
116,38,2
117,46,11
118,47,5
119,43,10
120,44,6
121,47,10
122,43,6
123,40,2
124,37,3
125,41,3
126,45,9
127,45,4
128,43,5
129,38,0
130,45,9
131,38,2
132,40,3
133,48,7
134,35,3
135,46,5
136,47,11
137,43,6
138,50,7
139,31,0
140,43,6
141,51,14
142,46,6
143,45,5
144,39,5
145,42,2
146,46,7
147,44,8
148,41,2
149,47,8
150,39,3
151,37,2
152,40,3
153,43,5
154,43,5
155,42,5
156,45,7
157,44,4
158,52,12
159,39,2
160,46,7
161,36,1
162,42,5
163,44,3
164,41,3
165,40,2
166,46,8
167,45,4
168,37,1
169,45,4
170,41,5
171,49,12
172,36,3
173,52,12
174,42,1
175,40,5
176,39,1
177,44,3
178,50,10
179,42,7
180,42,7
181,45,7
182,44,4
183,36,0
184,39,3
185,42,6
186,42,2
187,51,9
188,45,10
189,39,2
190,45,8
191,49,9
192,39,1
193,41,4
194,43,6
195,41,9
196,39,4
197,51,10
198,40,4
199,47,3
200,41,3
201,38,1
202,45,7
203,38,0
204,47,12
205,37,4
206,46,5
207,45,12
208,46,5
209,47,7
210,43,9
211,43,5
212,38,5
213,38,1
214,38,3
215,33,0
216,40,5
217,44,7
218,41,4
219,42,4
220,41,3
221,53,14
222,37,2
223,55,12
224,43,1
225,45,5
226,46,5
227,37,1
228,40,3
229,33,0
230,43,4
231,46,4
232,37,3
233,33,1
234,39,1
235,50,10
236,42,8
237,50,9
238,40,1
239,43,0
240,46,5
241,51,8
242,44,12
243,38,6
244,47,11
245,51,10
246,47,7
247,41,1
248,47,7
249,49,8
250,47,6
251,50,8
252,42,3
253,41,5
254,42,3
255,49,11
256,40,2
257,49,14
258,49,6
259,43,5
260,49,13
261,40,7
262,49,12
263,38,2
264,46,6
265,40,4
266,52,12
267,46,5
268,42,7
269,36,2
270,39,1
271,52,8
272,44,5
273,42,2
274,43,6
275,42,3
276,44,6
277,36,4
278,41,4
279,41,2
280,44,6
281,44,3
282,50,15
283,41,3
284,50,11
285,36,1
286,39,2
287,42,3
288,48,7
289,37,1
290,45,6
291,39,2
292,41,1
293,44,10
294,41,6
295,46,5
296,49,9
297,49,11
298,40,0
299,42,6
300,40,2
301,41,7
302,50,6
303,44,5
304,45,7
305,45,7
306,38,3
307,39,1
308,43,3
309,54,12
310,46,7
311,33,0
312,48,7
313,40,3
314,45,10
315,36,0
316,42,4
317,37,1
318,36,0
319,43,3
320,46,8
321,56,17
322,39,2
323,38,2
324,41,5
325,41,2
326,52,13
327,52,4
328,50,6
329,42,8
330,39,2
331,49,7
332,41,5
333,39,5
334,35,1
335,48,6
336,38,0
337,43,7
338,40,3
339,44,2
340,46,6
341,48,7
342,45,10
343,44,4
344,39,1
345,37,2
346,39,3
347,43,4
348,54,14
349,43,8
350,46,5
351,39,5
352,43,5
353,36,1
354,39,3
355,43,5
356,36,3
357,48,11
358,49,6
359,39,4
360,41,5
361,42,5
362,43,3
363,38,1
364,36,2
365,38,5
366,41,4
367,48,6
368,42,3
369,45,5
370,45,7
371,43,6
372,46,3
373,43,5
374,41,2
375,41,1
376,39,3
377,53,7
378,49,8
379,41,1
380,38,1
381,41,5
382,49,6
383,42,5
384,47,8
385,41,4
386,43,3
387,45,5
388,43,7
389,38,2
390,34,3
391,43,6
392,37,3
393,46,7
394,44,3
395,46,4
396,32,0
397,40,5
398,48,5
399,46,7
400,39,2
401,39,2
402,45,5
403,42,4
404,40,2
405,46,8
406,40,2
407,42,8
408,42,7
409,50,11
410,52,11
411,39,6
412,38,4
413,37,3
414,43,5
415,41,4
416,44,8
417,55,11
418,41,4
419,45,9
420,36,1
421,47,5
422,40,4
423,41,8
424,54,15
425,36,0
426,45,9
427,45,7
428,44,2
429,38,2
430,49,8
431,41,2
432,51,12
433,39,6
434,48,8
435,35,0
436,38,1
437,44,8
438,39,4
439,45,6
440,42,1
441,35,2
442,46,6
443,48,11
444,41,6
445,43,6
446,50,5
447,41,3
448,44,4
449,46,2
450,49,10
451,41,6
452,45,4
453,51,6
454,53,14
455,44,2
456,48,12
457,51,12
458,40,3
459,47,10
460,50,8
461,41,6
462,36,2
463,43,5
464,39,4
465,47,1
466,37,3
467,42,6
468,47,6
469,49,12
470,35,2
471,52,15
472,50,12
473,39,3
474,40,3
475,38,0
476,39,0
477,35,2
478,46,6
479,43,6
480,42,5
481,44,5
482,40,6
483,31,0
484,50,9
485,41,1
486,51,9
487,45,4
488,45,8
489,43,5
490,39,1
491,48,5
492,45,5
493,47,7
494,32,0
495,40,5
496,43,4
497,39,5
498,41,5
499,40,1
500,40,3
501,40,5
502,36,2
503,44,9
504,47,11
505,46,6
506,48,7
507,41,5
508,44,4
509,41,4
510,41,3
511,46,8
512,46,11
513,36,1
514,46,3
515,40,3
516,42,7
517,48,10
518,40,4
519,34,2
520,44,9
521,50,7
522,55,8
523,44,3
524,44,6
525,47,8
526,35,1
527,33,4
528,34,0
529,49,5
530,43,7
531,50,8
532,40,3
533,41,4
534,36,0
535,46,7
536,44,6
537,40,2
538,42,7
539,45,8
540,36,3
541,42,4
542,36,3
543,45,6
544,45,7
545,47,6
546,37,2
547,36,1
548,50,11
549,44,6
550,44,5
551,44,6
552,41,7
553,41,4
554,47,10
555,49,6
556,38,1
557,49,8
558,39,4
559,48,4
560,45,5
561,36,5
562,37,1
563,34,0
564,44,5
565,47,7
566,41,2
567,48,8
568,45,13
569,44,3
570,47,8
571,45,7
572,37,2
573,45,11
574,41,4
575,42,3
576,47,13
577,40,1
578,44,5
579,48,10
580,43,3
581,41,2
582,46,13
583,44,4
584,42,3
585,49,12
586,36,3
587,44,11
588,47,5
589,49,5
590,40,3
591,35,2
592,39,3
593,39,2
594,47,7
595,39,1
596,41,3
597,39,2
598,41,3
599,39,3
600,42,5
601,45,11
602,43,3
603,53,10
604,47,11
605,51,13
606,52,7
607,37,1
608,52,8
609,36,0
610,49,10
611,39,2
612,41,5
613,37,3
614,38,0
615,40,2
616,44,3
617,40,7
618,40,1
619,45,4
620,42,3
621,42,6
622,36,0
623,42,7
624,36,5
625,42,5
626,53,14
627,36,1
628,39,3
629,42,9
630,48,7
631,46,4
632,41,6
633,42,6
634,30,0
635,42,7
636,47,7
637,38,4
638,38,2
639,44,7
640,38,2
641,49,6
642,43,5
643,38,2
644,43,6
645,49,10
646,39,3
647,40,2
648,45,4
649,42,6
650,42,7
651,39,5
652,41,7
653,45,7
654,40,7
655,35,1
656,40,6
657,43,5
658,38,1
659,38,1
660,41,4
661,46,6
662,35,3
663,45,9
664,38,2
665,36,0
666,42,1
667,44,7
668,48,7
669,46,9
670,42,2
671,41,3
672,44,8
673,40,6
674,42,10
675,56,11
676,40,3
677,36,2
678,46,5
679,42,1
680,37,1
681,43,6
682,39,3
683,45,1
684,41,4
685,38,4
686,37,4
687,50,9
688,41,5
689,41,1
690,42,5
691,43,5
692,44,1
693,38,5
694,54,14
695,44,4
696,36,3
697,44,4
698,43,2
699,35,1
700,47,10
701,45,8
702,47,9
703,39,4
704,47,8
705,50,8
706,37,5
707,41,2
708,43,1
709,43,5
710,48,8
711,43,2
712,48,8
713,38,2
714,48,9
715,50,11
716,45,9
717,35,0
718,47,9
719,47,9
720,41,3
721,44,6
722,37,1
723,46,4
724,39,4
725,54,10
726,38,1
727,51,10
728,40,3
729,48,8
730,42,3
731,40,2
732,36,1
733,42,8
734,50,12
735,49,9
736,40,3
737,38,2
738,36,0
739,47,5
740,44,6
741,41,2
742,40,6
743,41,3
744,44,9
745,39,2
746,46,5
747,43,5
748,43,8
749,50,10
750,38,3
751,44,4
752,46,6
753,48,9
754,44,5
755,34,0
756,57,16
757,43,6
758,39,2
759,41,4
760,42,3
761,36,1
762,40,2
763,37,3
764,46,6
765,39,3
766,41,3
767,50,8
768,36,0
769,42,5
770,44,6
771,47,7
772,39,2
773,42,4
774,47,8
775,40,4
776,40,3
777,38,2
778,44,3
779,45,7
780,44,7
781,43,4
782,47,6
783,38,2
784,43,5
785,39,3
786,41,1
787,40,2
788,39,2
789,59,20
790,42,11
791,44,5
792,32,0
793,38,4
794,47,8
795,57,14
796,37,0
797,41,3
798,36,0
799,51,14
800,41,3
801,46,8
802,56,16
803,36,0
804,40,5
805,45,10
806,38,3
807,43,6
808,47,7
809,43,6
810,44,5
811,37,0
812,38,3
813,34,0
814,41,7
815,42,2
816,36,2
817,34,2
818,45,6
819,49,8
820,34,2
821,41,7
822,52,16
823,63,15
824,46,8
825,40,7
826,55,13
827,44,10
828,43,4
829,43,3
830,40,4
831,41,5
832,34,2
833,37,0
834,39,2
835,48,7
836,44,5
837,37,3
838,36,1
839,43,6
840,42,3
841,44,9
842,46,3
843,51,12
844,40,2
845,46,6
846,38,5
847,46,10
848,38,3
849,36,3
850,52,10
851,38,4
852,54,13
853,47,8
854,41,1
855,42,4
856,38,4
857,41,3
858,37,1
859,37,0
860,37,1
861,42,2
862,37,2
863,40,2
864,40,0
865,39,2
866,44,5
867,43,4
868,39,3
869,47,7
870,34,2
871,49,10
872,39,6
873,42,4
874,42,7
875,33,4
876,44,3
877,43,3
878,40,6
879,52,16
880,49,6
881,45,4
882,54,14
883,53,14
884,43,10
885,48,9
886,46,8
887,41,6
888,42,8
889,40,1
890,38,1
891,42,6
892,47,4
893,37,2
894,40,1
895,41,3
896,41,6
897,40,4
898,40,1
899,52,12
900,40,4
901,45,10
902,41,2
903,56,13
904,42,3
905,38,3
906,39,3
907,44,5
908,41,1
909,37,1
910,45,7
911,46,3
912,47,7
913,42,8
914,45,6
915,41,4
916,36,2
917,38,3
918,47,6
919,42,5
920,41,7
921,41,4
922,38,4
923,45,5
924,52,15
925,47,7
926,55,13
927,30,0
928,36,3
929,37,0
930,51,10
931,39,2
932,45,7
933,51,11
934,43,3
935,45,4
936,36,1
937,47,3
938,41,6
939,46,6
940,49,4
941,47,6
942,37,4
943,42,3
944,42,4
945,36,2
946,44,3
947,33,0
948,44,10
949,46,12
950,47,9
951,44,8
952,47,9
953,44,7
954,49,7
955,42,6
956,42,4
957,38,1
958,35,0
959,47,8
960,49,13
961,44,8
962,49,8
963,41,3
964,40,5
965,38,1
966,44,8
967,45,2
968,45,5
969,39,1
970,45,4
971,41,2
972,47,6
973,46,9
974,34,0
975,39,0
976,40,4
977,42,7
978,36,1
979,40,0
980,35,0
981,36,1
982,39,4
983,41,7
984,53,15
985,42,7
986,37,0
987,39,3
988,48,7
989,43,5
990,50,11
991,54,8
992,42,3
993,40,5
994,38,3
995,43,2
996,42,1
997,46,8
998,45,9
999,39,2
1000,53,11
