NUM,ATBAT,SCORE
1,49,5
2,43,4
3,42,5
4,44,6
5,41,1
6,46,5
7,41,3
8,39,1
9,36,2
10,52,10
11,37,2
12,46,3
13,45,6
14,44,5
15,39,3
16,48,10
17,50,10
18,37,2
19,46,10
20,47,6
21,50,8
22,48,4
23,50,9
24,38,3
25,56,14
26,49,5
27,46,8
28,39,4
29,43,6
30,43,5
31,55,22
32,42,8
33,38,3
34,43,8
35,46,6
36,41,3
37,37,5
38,43,4
39,39,2
40,51,8
41,41,2
42,39,2
43,35,2
44,41,3
45,46,12
46,43,8
47,45,7
48,40,4
49,45,5
50,39,0
51,40,2
52,50,12
53,39,2
54,41,1
55,42,5
56,39,5
57,39,1
58,51,11
59,35,0
60,47,10
61,42,5
62,41,4
63,34,1
64,33,1
65,47,9
66,39,6
67,37,4
68,44,6
69,43,7
70,37,2
71,44,8
72,43,9
73,38,2
74,43,6
75,43,7
76,41,7
77,42,5
78,56,10
79,43,4
80,37,2
81,42,7
82,40,1
83,40,2
84,39,3
85,46,6
86,36,2
87,38,4
88,45,8
89,33,0
90,47,7
91,51,14
92,36,1
93,45,11
94,48,7
95,40,4
96,45,4
97,42,4
98,41,3
99,44,7
100,48,12
101,46,7
102,50,10
103,44,8
104,45,3
105,41,0
106,38,2
107,42,6
108,49,10
109,45,5
110,38,2
111,54,13
112,40,4
113,49,12
114,37,1
115,45,8
116,40,3
117,40,5
118,40,6
119,42,4
120,40,3
121,36,4
122,47,11
123,42,4
124,48,11
125,42,6
126,41,2
127,36,1
128,43,5
129,44,8
130,48,10
131,42,6
132,42,4
133,39,4
134,40,3
135,38,0
136,39,2
137,52,11
138,41,3
139,43,9
140,49,13
141,40,2
142,40,4
143,41,4
144,41,8
145,41,2
146,43,6
147,37,4
148,41,4
149,41,4
150,41,2
151,38,5
152,50,8
153,46,7
154,38,1
155,45,8
156,47,7
157,44,9
158,41,4
159,41,5
160,41,3
161,42,7
162,42,4
163,41,7
164,36,1
165,44,2
166,44,3
167,37,4
168,36,0
169,35,0
170,47,5
171,47,7
172,50,12
173,33,0
174,54,10
175,45,4
176,49,9
177,40,6
178,43,3
179,43,8
180,37,2
181,42,6
182,56,18
183,48,13
184,46,6
185,44,6
186,44,5
187,44,4
188,41,3
189,39,6
190,42,4
191,42,3
192,41,1
193,38,6
194,34,3
195,41,4
196,47,7
197,36,0
198,44,4
199,45,6
200,50,10
201,45,13
202,42,4
203,37,3
204,38,2
205,40,2
206,45,10
207,44,7
208,48,10
209,44,6
210,44,10
211,50,8
212,42,6
213,40,1
214,42,6
215,45,6
216,44,12
217,36,3
218,43,7
219,39,2
220,49,11
221,38,0
222,39,4
223,39,4
224,37,4
225,43,5
226,41,5
227,35,4
228,37,1
229,46,11
230,43,4
231,40,3
232,44,4
233,40,2
234,39,4
235,41,1
236,50,13
237,34,2
238,43,6
239,36,3
240,41,3
241,35,0
242,45,6
243,41,4
244,40,5
245,45,4
246,42,1
247,49,11
248,45,6
249,34,0
250,39,4
251,37,3
252,43,6
253,45,3
254,43,6
255,34,4
256,56,17
257,40,4
258,46,10
259,45,6
260,57,17
261,39,1
262,41,5
263,46,8
264,46,8
265,46,6
266,43,5
267,38,3
268,45,5
269,37,4
270,38,1
271,45,6
272,36,1
273,50,10
274,34,0
275,35,3
276,42,8
277,39,0
278,41,5
279,37,1
280,42,6
281,40,3
282,39,3
283,42,3
284,38,5
285,40,4
286,40,5
287,43,6
288,38,0
289,42,9
290,45,5
291,36,2
292,39,6
293,41,7
294,44,7
295,45,6
296,41,6
297,39,5
298,36,2
299,43,8
300,37,2
301,45,4
302,36,0
303,45,4
304,43,4
305,45,12
306,39,4
307,41,5
308,36,0
309,36,1
310,35,5
311,34,0
312,40,2
313,40,3
314,45,7
315,42,0
316,41,3
317,38,3
318,44,7
319,39,4
320,44,1
321,48,6
322,40,1
323,38,7
324,41,3
325,39,3
326,43,7
327,48,8
328,45,8
329,43,4
330,49,13
331,40,5
332,42,10
333,44,5
334,47,7
335,46,10
336,45,8
337,58,19
338,39,7
339,33,1
340,49,6
341,41,1
342,50,10
343,41,3
344,37,3
345,41,5
346,40,4
347,43,8
348,44,9
349,49,10
350,48,9
351,43,4
352,41,4
353,34,1
354,35,1
355,43,9
356,42,5
357,34,3
358,57,16
359,41,8
360,47,10
361,44,6
362,40,2
363,39,4
364,42,3
365,45,8
366,36,1
367,40,6
368,38,1
369,40,3
370,45,6
371,51,9
372,44,6
373,51,17
374,52,14
375,53,13
376,42,6
377,45,7
378,50,9
379,45,4
380,40,3
381,50,13
382,43,3
383,30,1
384,48,9
385,36,0
386,39,5
387,34,1
388,35,0
389,49,7
390,38,3
391,42,5
392,40,7
393,37,6
394,41,5
395,42,3
396,38,0
397,44,7
398,43,9
399,42,5
400,42,6
401,36,0
402,43,6
403,48,4
404,40,3
405,44,8
406,38,3
407,43,10
408,38,1
409,38,1
410,37,3
411,45,5
412,38,2
413,43,9
414,41,3
415,34,2
416,37,2
417,49,7
418,40,2
419,46,5
420,42,1
421,50,8
422,47,8
423,43,5
424,42,2
425,37,2
426,42,5
427,40,4
428,39,1
429,46,8
430,52,10
431,40,1
432,43,4
433,52,14
434,38,3
435,40,4
436,45,6
437,41,5
438,48,9
439,34,2
440,38,2
441,46,7
442,47,6
443,44,6
444,56,16
445,48,10
446,41,5
447,38,3
448,39,3
449,39,1
450,45,4
451,42,4
452,46,2
453,45,3
454,39,2
455,42,3
456,39,6
457,39,4
458,49,11
459,43,8
460,50,12
461,44,3
462,41,3
463,46,8
464,44,9
465,43,0
466,42,3
467,49,9
468,38,1
469,36,1
470,55,13
471,39,4
472,47,5
473,37,0
474,39,4
475,40,5
476,42,5
477,44,8
478,40,2
479,39,7
480,46,5
481,51,13
482,44,8
483,46,7
484,35,1
485,49,12
486,45,10
487,43,8
488,45,4
489,42,4
490,49,9
491,32,1
492,41,4
493,37,6
494,43,7
495,45,5
496,40,5
497,35,2
498,45,8
499,37,1
500,49,6
501,41,7
502,46,7
503,43,6
504,42,8
505,48,11
506,43,2
507,38,2
508,50,10
509,45,6
510,52,16
511,48,7
512,40,6
513,39,1
514,40,1
515,45,8
516,43,5
517,41,5
518,33,0
519,39,5
520,37,4
521,40,3
522,40,6
523,41,3
524,52,12
525,46,10
526,57,18
527,34,1
528,45,9
529,41,5
530,45,6
531,40,2
532,47,8
533,53,14
534,48,8
535,47,8
536,43,5
537,39,3
538,41,7
539,40,8
540,36,3
541,45,6
542,42,3
543,43,6
544,42,4
545,36,1
546,47,4
547,51,9
548,37,0
549,46,8
550,44,7
551,51,8
552,45,3
553,46,6
554,44,6
555,43,3
556,45,6
557,42,4
558,45,4
559,37,0
560,42,3
561,40,6
562,41,3
563,41,7
564,41,1
565,41,4
566,39,3
567,36,5
568,45,3
569,47,6
570,45,11
571,40,4
572,46,5
573,39,1
574,37,5
575,45,7
576,48,7
577,37,4
578,47,7
579,40,4
580,48,5
581,37,2
582,38,1
583,36,1
584,44,5
585,51,9
586,40,3
587,45,11
588,46,10
589,42,4
590,39,6
591,46,7
592,56,17
593,46,11
594,37,1
595,34,0
596,46,7
597,38,2
598,33,3
599,39,2
600,44,2
601,36,3
602,39,4
603,44,7
604,35,2
605,41,5
606,47,4
607,44,6
608,40,1
609,36,5
610,44,4
611,50,11
612,48,6
613,41,1
614,43,6
615,44,6
616,40,6
617,54,16
618,44,8
619,46,5
620,47,8
621,41,2
622,39,5
623,43,5
624,45,5
625,37,3
626,34,1
627,41,5
628,37,2
629,49,5
630,40,3
631,42,5
632,35,1
633,44,4
634,40,2
635,49,9
636,48,11
637,42,7
638,44,4
639,34,0
640,45,5
641,35,3
642,39,1
643,44,7
644,49,5
645,48,9
646,50,5
647,38,2
648,47,10
649,46,12
650,36,0
651,48,8
652,40,3
653,44,5
654,46,7
655,45,5
656,48,11
657,41,4
658,44,4
659,52,9
660,38,2
661,44,6
662,47,12
663,48,9
664,40,7
665,41,4
666,46,6
667,40,5
668,43,6
669,48,6
670,48,8
671,49,9
672,43,4
673,44,8
674,46,5
675,36,5
676,45,3
677,43,6
678,53,9
679,47,9
680,44,6
681,48,8
682,42,4
683,39,5
684,47,6
685,32,0
686,44,5
687,42,8
688,54,16
689,34,2
690,40,0
691,49,15
692,34,0
693,36,2
694,41,2
695,47,7
696,47,5
697,39,4
698,43,6
699,42,8
700,41,3
701,43,4
702,49,7
703,40,3
704,33,2
705,33,0
706,50,10
707,50,11
708,46,7
709,36,2
710,35,1
711,43,5
712,37,1
713,44,4
714,48,8
715,44,5
716,57,16
717,41,5
718,37,1
719,42,4
720,42,1
721,49,9
722,39,3
723,40,3
724,47,6
725,43,4
726,49,7
727,29,0
728,41,7
729,41,3
730,35,0
731,44,6
732,53,17
733,49,13
734,33,0
735,45,10
736,42,6
737,46,9
738,35,2
739,39,2
740,59,17
741,50,8
742,37,1
743,45,6
744,40,2
745,50,15
746,39,1
747,45,9
748,42,6
749,35,2
750,35,1
751,38,3
752,57,20
753,45,2
754,37,1
755,36,2
756,37,1
757,40,5
758,38,1
759,37,2
760,37,1
761,41,4
762,40,4
763,47,7
764,46,12
765,51,13
766,38,0
767,43,4
768,44,4
769,41,3
770,47,12
771,46,10
772,52,9
773,39,5
774,48,13
775,40,8
776,47,8
777,50,9
778,37,5
779,36,1
780,38,3
781,44,6
782,43,6
783,37,5
784,45,7
785,39,2
786,56,13
787,39,5
788,44,4
789,49,8
790,44,8
791,45,8
792,39,3
793,42,3
794,43,4
795,51,6
796,41,5
797,48,9
798,38,4
799,47,10
800,49,8
801,34,0
802,43,4
803,38,5
804,39,1
805,47,4
806,48,10
807,37,4
808,36,2
809,40,3
810,48,6
811,41,4
812,55,9
813,41,3
814,38,2
815,46,5
816,39,2
817,48,7
818,44,9
819,44,5
820,56,18
821,47,6
822,38,7
823,38,5
824,36,4
825,40,2
826,44,4
827,44,3
828,45,7
829,39,3
830,39,3
831,56,14
832,52,13
833,46,5
834,34,2
835,44,4
836,47,10
837,49,10
838,44,4
839,43,10
840,35,1
841,43,4
842,40,2
843,54,15
844,45,5
845,50,6
846,40,6
847,51,13
848,41,1
849,40,3
850,44,5
851,44,4
852,42,5
853,41,5
854,51,10
855,45,7
856,54,16
857,40,5
858,42,3
859,50,13
860,51,11
861,42,4
862,40,5
863,43,4
864,48,8
865,39,1
866,45,5
867,47,5
868,33,1
869,34,1
870,35,2
871,43,4
872,48,11
873,43,5
874,43,2
875,51,10
876,39,3
877,43,5
878,44,3
879,37,3
880,42,6
881,42,4
882,42,3
883,46,7
884,41,8
885,44,4
886,39,5
887,34,3
888,43,2
889,39,3
890,37,1
891,51,12
892,49,9
893,42,5
894,41,4
895,44,8
896,42,5
897,37,4
898,46,5
899,39,3
900,48,7
901,38,4
902,55,15
903,42,8
904,44,7
905,44,4
906,40,5
907,60,13
908,40,4
909,41,1
910,45,8
911,41,5
912,41,7
913,42,2
914,42,4
915,38,4
916,41,3
917,43,2
918,43,6
919,39,2
920,46,10
921,47,13
922,44,8
923,41,8
924,43,7
925,58,13
926,38,3
927,41,3
928,39,3
929,42,5
930,47,4
931,41,5
932,38,3
933,54,17
934,46,6
935,45,9
936,46,8
937,48,9
938,40,4
939,38,1
940,32,0
941,35,1
942,46,4
943,41,3
944,51,11
945,40,6
946,36,2
947,42,1
948,44,6
949,41,3
950,48,8
951,51,10
952,46,6
953,51,8
954,38,0
955,40,5
956,42,7
957,42,4
958,48,12
959,54,15
960,51,13
961,50,6
962,47,13
963,38,3
964,37,4
965,40,4
966,37,4
967,42,2
968,38,3
969,41,6
970,39,3
971,42,5
972,44,7
973,48,8
974,47,5
975,46,9
976,51,16
977,46,9
978,46,13
979,40,4
980,51,11
981,44,4
982,43,7
983,51,11
984,40,0
985,43,3
986,44,3
987,39,3
988,41,1
989,45,5
990,40,3
991,36,0
992,42,6
993,36,5
994,39,4
995,41,7
996,52,14
997,40,5
998,44,10
999,47,6
1000,45,5
