NUM,ATBAT,SCORE
1,52,13
2,42,1
3,45,5
4,40,0
5,41,2
6,40,2
7,40,0
8,43,6
9,51,10
10,36,0
11,38,1
12,48,5
13,38,6
14,44,4
15,37,3
16,50,12
17,33,1
18,41,3
19,43,6
20,42,2
21,42,5
22,43,6
23,42,7
24,38,1
25,37,2
26,49,8
27,35,3
28,39,3
29,45,6
30,45,9
31,48,7
32,39,2
33,39,3
34,35,2
35,40,6
36,37,3
37,38,5
38,36,1
39,47,14
40,43,6
41,39,3
42,41,4
43,47,4
44,51,8
45,45,9
46,37,0
47,45,7
48,50,10
49,40,3
50,41,5
51,39,0
52,41,6
53,39,2
54,42,2
55,36,0
56,34,0
57,41,5
58,45,6
59,56,12
60,46,7
61,47,7
62,40,6
63,40,2
64,37,4
65,50,11
66,42,5
67,45,4
68,42,4
69,37,2
70,41,1
71,42,8
72,46,6
73,47,6
74,43,4
75,38,0
76,39,2
77,45,8
78,40,4
79,41,3
80,36,1
81,43,7
82,48,13
83,54,14
84,38,2
85,39,4
86,43,3
87,49,12
88,53,5
89,55,20
90,46,7
91,35,1
92,45,7
93,56,15
94,44,7
95,43,5
96,46,8
97,43,6
98,54,13
99,36,6
100,38,1
101,43,3
102,40,3
103,38,3
104,54,13
105,51,11
106,45,5
107,34,1
108,38,1
109,42,5
110,44,4
111,43,1
112,39,0
113,44,6
114,40,1
115,39,1
116,43,1
117,40,3
118,36,0
119,44,6
120,39,2
121,50,11
122,35,1
123,44,1
124,40,2
125,44,2
126,42,2
127,46,3
128,38,6
129,38,2
130,43,7
131,45,8
132,42,3
133,61,23
134,38,1
135,36,2
136,44,3
137,44,7
138,43,6
139,46,6
140,41,2
141,38,6
142,40,4
143,43,2
144,45,7
145,45,8
146,47,5
147,40,1
148,47,6
149,42,6
150,42,3
151,51,13
152,31,0
153,39,2
154,43,5
155,50,16
156,44,6
157,45,3
158,38,1
159,43,5
160,40,4
161,45,5
162,43,11
163,42,6
164,46,8
165,50,14
166,43,3
167,46,6
168,35,2
169,39,1
170,44,2
171,42,5
172,38,2
173,39,1
174,40,2
175,39,2
176,39,3
177,46,4
178,61,15
179,34,0
180,44,6
181,35,1
182,47,8
183,36,1
184,44,5
185,45,4
186,40,3
187,39,4
188,39,4
189,37,0
190,41,4
191,44,3
192,49,9
193,38,1
194,36,2
195,35,0
196,53,14
197,37,3
198,41,0
199,48,10
200,41,8
201,51,10
202,42,5
203,36,0
204,49,9
205,36,4
206,37,4
207,47,9
208,43,4
209,42,2
210,40,0
211,54,13
212,47,5
213,35,1
214,33,1
215,39,0
216,39,1
217,41,2
218,41,3
219,50,7
220,41,3
221,43,3
222,44,7
223,45,4
224,44,9
225,47,6
226,43,3
227,38,2
228,40,4
229,37,3
230,37,2
231,42,5
232,49,12
233,40,3
234,45,11
235,36,0
236,38,3
237,39,0
238,36,1
239,38,2
240,52,11
241,46,10
242,49,9
243,44,7
244,45,10
245,34,0
246,38,3
247,45,3
248,43,6
249,52,5
250,40,5
251,43,8
252,45,5
253,42,3
254,44,9
255,47,6
256,41,4
257,48,9
258,41,5
259,43,3
260,49,12
261,42,4
262,41,3
263,46,6
264,41,2
265,35,2
266,51,8
267,36,3
268,33,0
269,41,2
270,46,5
271,41,5
272,37,4
273,40,2
274,49,7
275,43,6
276,35,3
277,42,4
278,50,8
279,56,18
280,43,1
281,45,6
282,34,2
283,48,10
284,42,4
285,36,3
286,46,5
287,37,1
288,47,10
289,40,4
290,46,5
291,42,3
292,41,2
293,40,1
294,39,5
295,40,3
296,40,4
297,49,4
298,41,3
299,41,5
300,46,11
301,36,2
302,53,9
303,39,2
304,52,10
305,41,3
306,37,1
307,42,5
308,44,5
309,40,3
310,50,7
311,38,3
312,43,6
313,40,3
314,36,0
315,40,1
316,42,5
317,48,6
318,35,0
319,40,3
320,44,5
321,36,2
322,34,1
323,42,5
324,44,3
325,44,7
326,40,7
327,45,3
328,39,3
329,53,13
330,37,2
331,37,3
332,41,4
333,58,15
334,48,9
335,42,3
336,41,5
337,47,6
338,45,3
339,48,6
340,45,4
341,49,6
342,43,4
343,47,12
344,38,1
345,35,0
346,48,5
347,38,3
348,48,10
349,40,0
350,39,2
351,46,6
352,43,9
353,38,2
354,41,1
355,56,16
356,43,6
357,48,8
358,43,4
359,38,2
360,42,2
361,40,5
362,40,3
363,45,10
364,45,1
365,36,1
366,38,3
367,37,3
368,46,2
369,38,1
370,37,1
371,54,17
372,45,6
373,34,1
374,43,5
375,34,0
376,33,0
377,47,7
378,41,2
379,38,5
380,42,3
381,38,1
382,45,12
383,38,4
384,56,17
385,44,2
386,35,3
387,39,0
388,42,6
389,44,6
390,44,6
391,43,2
392,43,6
393,48,9
394,47,6
395,40,5
396,43,4
397,47,5
398,40,2
399,39,5
400,36,2
401,43,4
402,31,1
403,38,1
404,49,8
405,43,4
406,36,1
407,36,0
408,35,3
409,33,1
410,41,2
411,37,0
412,40,2
413,46,8
414,44,6
415,38,0
416,45,5
417,51,13
418,45,7
419,45,6
420,44,7
421,51,6
422,48,10
423,45,4
424,39,3
425,39,4
426,44,4
427,43,2
428,38,3
429,48,9
430,41,2
431,40,3
432,44,3
433,44,4
434,37,1
435,36,1
436,41,2
437,37,1
438,53,7
439,42,6
440,42,5
441,48,7
442,36,2
443,40,3
444,47,6
445,41,6
446,42,3
447,36,1
448,41,6
449,42,6
450,35,1
451,48,10
452,34,0
453,43,5
454,39,5
455,47,6
456,41,5
457,46,7
458,42,0
459,42,3
460,39,2
461,48,6
462,45,6
463,44,3
464,41,5
465,41,4
466,47,7
467,40,3
468,44,8
469,34,0
470,39,6
471,37,0
472,47,6
473,47,8
474,36,0
475,44,9
476,50,9
477,39,4
478,49,14
479,47,9
480,41,5
481,46,1
482,41,4
483,43,9
484,37,3
485,39,4
486,35,0
487,39,6
488,40,1
489,44,4
490,40,1
491,38,1
492,51,15
493,37,2
494,47,9
495,38,7
496,33,2
497,41,6
498,38,1
499,43,4
500,40,3
501,36,4
502,46,7
503,45,4
504,45,8
505,41,6
506,43,2
507,39,2
508,42,4
509,38,1
510,49,8
511,41,6
512,36,1
513,38,2
514,52,9
515,38,3
516,44,4
517,41,5
518,44,1
519,42,2
520,50,10
521,45,4
522,41,2
523,41,3
524,35,3
525,51,6
526,44,7
527,35,1
528,38,3
529,34,0
530,37,0
531,46,3
532,43,4
533,44,4
534,43,1
535,49,8
536,35,1
537,38,1
538,36,1
539,43,3
540,39,3
541,39,2
542,43,7
543,38,2
544,46,7
545,36,0
546,41,2
547,44,4
548,46,4
549,39,1
550,39,6
551,42,3
552,41,3
553,47,12
554,42,2
555,36,2
556,46,8
557,48,7
558,39,3
559,35,1
560,46,5
561,35,2
562,44,5
563,41,6
564,45,6
565,42,5
566,43,4
567,43,2
568,42,2
569,46,6
570,43,4
571,45,5
572,33,0
573,42,3
574,44,5
575,41,2
576,44,3
577,40,1
578,45,6
579,37,2
580,40,2
581,41,2
582,38,4
583,39,7
584,45,6
585,44,8
586,33,0
587,39,0
588,39,3
589,36,3
590,43,3
591,50,12
592,42,6
593,50,10
594,41,3
595,53,9
596,36,1
597,45,6
598,50,8
599,40,4
600,38,1
601,43,4
602,43,5
603,35,0
604,45,9
605,40,4
606,45,3
607,43,5
608,41,4
609,46,9
610,44,6
611,47,5
612,40,2
613,39,4
614,36,4
615,39,1
616,41,1
617,41,4
618,39,4
619,38,0
620,44,5
621,42,8
622,46,6
623,39,3
624,39,6
625,37,1
626,37,1
627,41,1
628,40,4
629,48,8
630,38,1
631,39,0
632,46,9
633,37,2
634,42,4
635,36,1
636,45,5
637,36,4
638,43,4
639,36,4
640,44,4
641,48,5
642,35,1
643,41,3
644,41,4
645,39,3
646,36,4
647,56,17
648,42,7
649,51,6
650,35,0
651,49,9
652,43,7
653,41,2
654,38,3
655,34,1
656,49,13
657,44,2
658,50,8
659,45,6
660,43,6
661,40,4
662,38,1
663,51,10
664,41,2
665,38,0
666,38,2
667,40,1
668,46,4
669,55,11
670,38,1
671,38,2
672,52,16
673,36,1
674,36,0
675,40,3
676,40,3
677,34,3
678,40,1
679,38,1
680,54,13
681,37,2
682,37,3
683,49,6
684,35,0
685,38,1
686,53,14
687,48,9
688,45,9
689,41,5
690,45,7
691,38,4
692,44,7
693,37,5
694,41,2
695,43,7
696,44,8
697,41,3
698,40,5
699,37,0
700,41,4
701,45,5
702,40,3
703,41,3
704,52,10
705,48,12
706,45,10
707,38,3
708,43,10
709,33,2
710,45,3
711,35,1
712,39,4
713,55,12
714,41,0
715,37,0
716,44,3
717,36,0
718,51,10
719,36,3
720,43,8
721,47,10
722,49,11
723,42,7
724,43,2
725,38,2
726,37,2
727,49,11
728,39,2
729,41,4
730,43,3
731,38,4
732,45,3
733,48,9
734,35,2
735,42,7
736,45,5
737,41,3
738,34,1
739,40,2
740,43,3
741,41,3
742,34,0
743,51,8
744,36,0
745,44,5
746,39,0
747,41,6
748,38,1
749,39,1
750,34,0
751,39,1
752,35,0
753,46,7
754,44,6
755,38,3
756,40,3
757,49,11
758,42,2
759,45,4
760,41,5
761,35,1
762,41,3
763,42,2
764,44,4
765,41,3
766,38,3
767,41,2
768,36,0
769,39,4
770,36,1
771,41,2
772,39,3
773,36,2
774,42,7
775,45,2
776,41,2
777,49,7
778,42,4
779,35,3
780,45,5
781,38,1
782,48,15
783,41,3
784,39,5
785,46,5
786,41,4
787,45,1
788,38,2
789,35,1
790,40,0
791,39,2
792,42,6
793,47,8
794,41,2
795,41,5
796,42,10
797,34,0
798,44,5
799,37,2
800,45,6
801,44,6
802,53,13
803,43,4
804,44,5
805,43,6
806,41,1
807,39,4
808,47,6
809,45,6
810,44,6
811,46,5
812,42,6
813,32,2
814,44,7
815,48,8
816,43,8
817,47,7
818,49,10
819,50,11
820,50,9
821,47,11
822,50,11
823,46,4
824,47,9
825,38,2
826,43,8
827,40,5
828,45,4
829,36,0
830,49,5
831,48,10
832,40,5
833,42,0
834,40,8
835,36,0
836,39,3
837,47,7
838,45,6
839,46,8
840,40,5
841,38,3
842,46,6
843,47,8
844,40,2
845,41,1
846,34,1
847,41,3
848,45,3
849,48,8
850,36,0
851,46,5
852,44,9
853,37,1
854,36,1
855,40,4
856,43,12
857,41,6
858,42,3
859,41,1
860,46,6
861,49,7
862,44,5
863,44,5
864,40,2
865,46,6
866,35,4
867,44,6
868,42,4
869,41,3
870,41,3
871,36,2
872,49,12
873,36,2
874,36,1
875,38,2
876,38,4
877,45,6
878,42,1
879,40,2
880,38,4
881,48,5
882,37,0
883,38,2
884,44,3
885,43,2
886,35,2
887,36,1
888,42,5
889,50,11
890,49,13
891,42,3
892,38,3
893,39,5
894,39,4
895,41,3
896,43,3
897,44,6
898,39,2
899,39,1
900,42,3
901,41,2
902,39,5
903,40,4
904,35,1
905,44,5
906,38,2
907,50,11
908,46,4
909,46,6
910,44,8
911,39,1
912,35,3
913,40,3
914,41,2
915,44,9
916,47,5
917,34,0
918,34,1
919,53,12
920,38,2
921,53,10
922,42,6
923,35,3
924,48,6
925,39,4
926,46,4
927,34,0
928,35,1
929,34,1
930,42,3
931,43,3
932,36,0
933,40,7
934,42,4
935,42,5
936,43,6
937,47,6
938,50,9
939,45,5
940,43,3
941,47,3
942,43,2
943,50,11
944,43,4
945,38,4
946,42,5
947,46,8
948,42,4
949,40,2
950,41,1
951,38,2
952,38,3
953,41,2
954,41,3
955,43,5
956,34,0
957,42,1
958,47,8
959,38,0
960,43,3
961,40,4
962,42,4
963,49,10
964,40,3
965,41,1
966,42,2
967,34,1
968,40,5
969,46,8
970,38,3
971,41,4
972,39,3
973,46,7
974,39,1
975,41,4
976,43,3
977,46,6
978,40,2
979,45,7
980,43,4
981,38,1
982,41,1
983,45,6
984,35,0
985,40,3
986,42,4
987,40,2
988,38,2
989,44,6
990,48,7
991,36,1
992,47,5
993,42,5
994,36,2
995,52,11
996,38,5
997,43,3
998,45,6
999,42,6
1000,42,3
