NUM,ATBAT,SCORE
1,48,11
2,53,10
3,52,14
4,49,11
5,43,4
6,60,18
7,48,7
8,50,4
9,50,8
10,49,8
11,40,3
12,49,9
13,40,6
14,51,10
15,49,9
16,42,4
17,52,9
18,42,6
19,46,11
20,46,7
21,55,15
22,39,4
23,45,3
24,49,6
25,48,10
26,57,16
27,44,5
28,41,6
29,42,2
30,43,6
31,53,11
32,49,10
33,57,16
34,55,15
35,49,11
36,43,7
37,38,1
38,39,2
39,45,8
40,48,12
41,41,2
42,43,7
43,44,4
44,50,11
45,42,2
46,53,12
47,41,3
48,40,5
49,43,5
50,53,13
51,52,10
52,46,6
53,53,9
54,48,9
55,45,4
56,47,13
57,52,7
58,44,4
59,53,10
60,35,3
61,42,7
62,56,20
63,47,7
64,38,4
65,44,9
66,52,11
67,36,4
68,43,4
69,47,6
70,47,9
71,48,5
72,39,2
73,43,6
74,42,5
75,48,6
76,41,2
77,43,7
78,51,11
79,44,6
80,47,3
81,46,5
82,57,17
83,41,4
84,40,4
85,37,2
86,46,8
87,39,4
88,53,13
89,42,7
90,41,5
91,48,4
92,40,2
93,45,5
94,42,3
95,40,4
96,54,11
97,56,14
98,42,3
99,46,6
100,49,7
101,52,10
102,44,8
103,50,11
104,45,9
105,43,4
106,47,8
107,50,7
108,42,7
109,50,8
110,44,5
111,40,3
112,42,3
113,37,2
114,40,6
115,56,12
116,45,3
117,63,15
118,44,4
119,47,9
120,39,3
121,51,9
122,42,7
123,53,10
124,46,7
125,54,11
126,49,8
127,39,3
128,49,4
129,53,8
130,43,1
131,50,12
132,53,11
133,45,5
134,47,6
135,60,21
136,54,8
137,51,11
138,52,11
139,48,11
140,53,7
141,58,15
142,41,3
143,42,4
144,53,11
145,52,11
146,51,10
147,44,9
148,47,5
149,45,8
150,41,2
151,53,18
152,42,3
153,47,7
154,40,7
155,45,6
156,48,8
157,43,3
158,46,8
159,50,10
160,51,12
161,46,9
162,56,18
163,63,19
164,57,16
165,52,8
166,46,4
167,41,9
168,49,7
169,50,10
170,41,2
171,38,0
172,44,5
173,50,6
174,39,3
175,55,13
176,50,15
177,53,12
178,49,11
179,45,6
180,37,0
181,49,12
182,42,7
183,52,12
184,55,10
185,45,9
186,40,3
187,47,7
188,49,11
189,43,1
190,58,15
191,41,5
192,42,7
193,51,12
194,55,14
195,39,5
196,47,7
197,39,3
198,55,14
199,49,12
200,51,12
201,49,11
202,56,15
203,39,1
204,44,4
205,41,3
206,47,8
207,37,1
208,44,4
209,45,6
210,41,3
211,44,3
212,53,13
213,44,7
214,51,11
215,43,3
216,42,2
217,54,12
218,41,4
219,51,12
220,51,8
221,40,0
222,34,1
223,49,9
224,43,5
225,46,7
226,44,5
227,56,14
228,43,5
229,44,4
230,38,3
231,39,1
232,51,14
233,50,10
234,37,3
235,49,14
236,53,15
237,52,10
238,49,8
239,45,7
240,44,0
241,48,10
242,46,7
243,42,6
244,51,12
245,38,2
246,43,4
247,51,9
248,50,13
249,45,7
250,49,9
251,36,0
252,53,10
253,45,4
254,45,6
255,43,5
256,44,5
257,37,2
258,40,2
259,55,10
260,42,3
261,38,2
262,40,0
263,51,8
264,45,8
265,50,8
266,43,5
267,37,0
268,43,2
269,39,2
270,40,2
271,47,5
272,65,17
273,41,4
274,42,2
275,51,8
276,47,6
277,40,5
278,49,9
279,49,16
280,39,3
281,58,16
282,42,8
283,37,3
284,41,6
285,46,7
286,51,9
287,49,10
288,47,7
289,41,3
290,59,17
291,42,2
292,44,5
293,51,10
294,55,11
295,39,0
296,53,13
297,49,9
298,48,9
299,40,2
300,47,6
301,54,10
302,70,30
303,48,8
304,48,10
305,43,8
306,40,2
307,37,3
308,53,14
309,44,7
310,45,5
311,50,10
312,51,10
313,37,3
314,54,12
315,47,5
316,57,16
317,49,8
318,44,3
319,44,6
320,47,4
321,41,5
322,43,5
323,36,1
324,47,7
325,46,4
326,53,12
327,44,3
328,57,16
329,49,8
330,35,2
331,57,18
332,45,11
333,50,10
334,47,6
335,55,14
336,43,3
337,49,12
338,43,5
339,61,18
340,50,8
341,45,8
342,50,7
343,45,9
344,49,7
345,55,13
346,50,12
347,51,11
348,50,9
349,44,4
350,44,2
351,41,1
352,56,13
353,46,7
354,45,10
355,50,11
356,44,5
357,44,7
358,41,3
359,44,9
360,36,2
361,47,6
362,50,13
363,51,10
364,42,2
365,55,15
366,58,15
367,50,10
368,46,2
369,42,5
370,43,4
371,51,11
372,46,7
373,52,10
374,42,4
375,43,4
376,45,6
377,48,4
378,49,9
379,48,8
380,48,8
381,52,9
382,52,10
383,44,4
384,50,11
385,48,7
386,44,10
387,53,13
388,52,13
389,44,6
390,53,13
391,41,4
392,47,11
393,42,2
394,51,9
395,34,1
396,47,9
397,58,20
398,51,8
399,43,5
400,42,4
401,52,9
402,42,3
403,44,7
404,37,3
405,46,7
406,48,10
407,51,11
408,49,5
409,43,4
410,41,2
411,44,6
412,55,15
413,41,1
414,52,13
415,53,7
416,41,6
417,45,8
418,41,4
419,46,9
420,47,6
421,50,10
422,39,5
423,52,13
424,48,12
425,44,8
426,63,21
427,52,11
428,47,6
429,54,12
430,39,3
431,42,4
432,57,13
433,53,9
434,54,14
435,45,7
436,47,6
437,51,9
438,53,15
439,42,5
440,42,3
441,45,5
442,54,12
443,55,9
444,57,16
445,33,0
446,47,6
447,50,8
448,47,8
449,54,14
450,35,0
451,43,3
452,50,10
453,51,10
454,47,2
455,43,6
456,55,16
457,40,2
458,49,9
459,52,9
460,47,7
461,33,0
462,56,14
463,50,9
464,45,3
465,39,1
466,41,5
467,50,9
468,40,1
469,50,8
470,43,4
471,46,8
472,46,2
473,52,11
474,50,9
475,54,18
476,44,7
477,46,11
478,42,3
479,45,6
480,44,7
481,45,10
482,45,6
483,49,12
484,45,10
485,53,14
486,47,8
487,49,7
488,46,6
489,54,11
490,38,5
491,47,4
492,51,7
493,37,2
494,48,4
495,44,5
496,37,1
497,47,4
498,42,4
499,42,3
500,61,19
501,37,3
502,42,6
503,51,17
504,55,16
505,48,6
506,43,5
507,43,3
508,55,13
509,46,6
510,56,13
511,46,11
512,49,10
513,52,11
514,54,11
515,40,1
516,44,3
517,41,2
518,37,0
519,47,7
520,49,7
521,40,4
522,40,5
523,50,9
524,49,8
525,48,7
526,51,5
527,39,3
528,44,4
529,44,6
530,56,13
531,43,6
532,43,5
533,47,8
534,50,15
535,42,4
536,48,9
537,41,9
538,49,5
539,41,3
540,49,10
541,48,5
542,43,5
543,54,7
544,42,3
545,38,3
546,39,5
547,50,11
548,47,6
549,39,3
550,49,5
551,43,6
552,46,9
553,44,4
554,49,9
555,52,8
556,51,10
557,45,5
558,53,14
559,37,2
560,51,12
561,48,8
562,43,5
563,55,16
564,42,3
565,47,6
566,42,6
567,47,11
568,35,0
569,37,3
570,49,13
571,52,9
572,40,3
573,55,14
574,40,2
575,42,5
576,45,3
577,39,2
578,50,8
579,43,3
580,38,2
581,51,10
582,50,8
583,44,8
584,50,12
585,42,7
586,51,12
587,45,7
588,49,6
589,43,8
590,51,6
591,50,5
592,54,13
593,51,7
594,49,6
595,43,2
596,49,6
597,37,4
598,46,7
599,46,5
600,48,8
601,46,6
602,52,8
603,42,4
604,51,10
605,52,12
606,52,10
607,44,8
608,47,6
609,47,11
610,53,9
611,47,9
612,50,10
613,44,5
614,40,4
615,53,16
616,37,5
617,53,13
618,38,5
619,37,1
620,40,3
621,50,6
622,42,5
623,41,4
624,36,2
625,51,6
626,36,0
627,46,6
628,46,4
629,40,2
630,53,10
631,45,8
632,55,12
633,51,13
634,46,5
635,46,7
636,51,9
637,42,4
638,43,4
639,50,14
640,48,9
641,48,4
642,41,2
643,44,1
644,42,6
645,42,3
646,47,7
647,48,6
648,47,7
649,44,11
650,43,4
651,44,1
652,45,5
653,49,8
654,44,3
655,46,11
656,57,14
657,54,13
658,62,20
659,48,7
660,44,7
661,53,11
662,49,9
663,38,0
664,56,18
665,52,13
666,52,12
667,46,7
668,42,5
669,42,3
670,34,0
671,51,9
672,42,0
673,52,11
674,43,8
675,43,9
676,53,8
677,47,6
678,39,3
679,45,4
680,50,6
681,43,8
682,48,10
683,55,14
684,50,10
685,39,4
686,46,5
687,49,9
688,47,9
689,54,12
690,39,2
691,49,12
692,43,9
693,46,6
694,43,4
695,48,11
696,40,2
697,38,3
698,43,5
699,48,8
700,46,7
701,42,9
702,48,9
703,49,10
704,40,2
705,43,3
706,45,8
707,44,5
708,41,6
709,42,3
710,35,1
711,46,6
712,45,6
713,40,2
714,58,16
715,46,6
716,43,7
717,43,2
718,49,6
719,45,5
720,50,6
721,42,7
722,54,11
723,42,5
724,42,8
725,54,13
726,43,3
727,41,1
728,42,3
729,51,10
730,52,14
731,41,3
732,54,16
733,46,10
734,48,13
735,45,4
736,56,14
737,44,4
738,54,9
739,43,5
740,49,6
741,53,15
742,43,4
743,48,8
744,45,3
745,51,9
746,52,7
747,46,5
748,44,7
749,42,1
750,42,7
751,46,5
752,42,4
753,43,4
754,45,10
755,50,10
756,54,13
757,33,2
758,48,7
759,46,7
760,48,10
761,45,5
762,40,1
763,50,6
764,45,7
765,47,9
766,39,3
767,41,3
768,48,6
769,47,7
770,44,3
771,58,18
772,51,14
773,44,9
774,38,4
775,52,9
776,43,1
777,54,12
778,39,1
779,47,3
780,51,14
781,48,6
782,48,10
783,55,12
784,47,9
785,44,4
786,50,11
787,46,11
788,44,4
789,42,3
790,39,3
791,53,18
792,50,11
793,52,11
794,53,14
795,43,4
796,43,4
797,47,6
798,39,3
799,46,3
800,47,10
801,52,11
802,44,4
803,52,9
804,39,4
805,46,7
806,48,10
807,45,6
808,40,4
809,43,5
810,39,4
811,51,10
812,61,15
813,49,6
814,46,7
815,47,10
816,47,10
817,51,12
818,55,16
819,51,7
820,40,5
821,46,3
822,46,7
823,46,9
824,53,13
825,49,6
826,43,4
827,49,7
828,47,8
829,53,10
830,41,5
831,42,5
832,52,8
833,55,12
834,48,4
835,42,3
836,49,10
837,43,6
838,55,11
839,53,7
840,46,6
841,42,4
842,47,6
843,40,4
844,49,5
845,51,7
846,49,14
847,50,12
848,48,9
849,48,6
850,43,3
851,47,9
852,45,8
853,52,12
854,58,18
855,42,8
856,48,7
857,53,11
858,53,10
859,54,12
860,51,11
861,43,6
862,53,13
863,46,6
864,40,5
865,48,7
866,50,11
867,41,4
868,40,6
869,39,2
870,46,7
871,59,18
872,44,7
873,47,8
874,48,12
875,37,2
876,47,5
877,47,6
878,45,8
879,48,7
880,44,0
881,48,8
882,50,10
883,35,3
884,39,2
885,48,7
886,40,2
887,65,24
888,42,8
889,50,11
890,45,5
891,41,5
892,46,6
893,49,8
894,66,26
895,52,11
896,50,10
897,42,3
898,42,2
899,50,9
900,41,3
901,43,6
902,42,2
903,50,10
904,54,10
905,50,11
906,47,8
907,42,3
908,43,1
909,52,11
910,52,11
911,67,26
912,42,5
913,40,4
914,48,4
915,52,9
916,38,4
917,37,1
918,47,8
919,43,5
920,44,5
921,59,19
922,40,2
923,53,9
924,36,2
925,59,12
926,48,8
927,45,6
928,49,9
929,53,12
930,43,3
931,38,1
932,44,7
933,37,2
934,56,19
935,40,8
936,42,5
937,53,10
938,49,7
939,51,14
940,39,3
941,40,1
942,40,6
943,36,1
944,56,15
945,47,6
946,48,7
947,54,10
948,39,3
949,52,11
950,45,4
951,46,5
952,46,7
953,41,2
954,56,8
955,45,5
956,44,6
957,45,10
958,39,2
959,47,11
960,45,8
961,59,18
962,44,6
963,49,6
964,50,8
965,50,11
966,45,7
967,46,7
968,40,5
969,44,7
970,48,8
971,39,2
972,49,12
973,55,17
974,47,7
975,49,10
976,51,9
977,50,8
978,44,8
979,56,11
980,45,7
981,42,7
982,44,5
983,46,7
984,41,3
985,43,8
986,34,1
987,56,14
988,53,13
989,46,10
990,51,9
991,50,10
992,50,12
993,48,5
994,44,3
995,48,7
996,56,17
997,44,8
998,49,7
999,55,12
1000,57,12
