NUM,ATBAT,SCORE
1,42,5
2,43,4
3,47,8
4,43,7
5,46,8
6,44,10
7,46,6
8,49,11
9,44,4
10,50,9
11,45,7
12,48,9
13,42,9
14,51,12
15,54,11
16,38,1
17,46,11
18,42,5
19,36,1
20,39,4
21,49,9
22,46,6
23,37,2
24,38,1
25,55,18
26,47,12
27,48,8
28,47,10
29,41,5
30,35,1
31,49,7
32,45,8
33,43,7
34,53,13
35,49,8
36,47,5
37,49,12
38,48,12
39,46,6
40,40,7
41,50,8
42,48,11
43,46,10
44,52,14
45,49,9
46,42,4
47,40,5
48,41,4
49,43,3
50,42,8
51,49,8
52,44,8
53,47,8
54,50,9
55,46,4
56,45,9
57,46,7
58,42,9
59,45,1
60,54,15
61,53,19
62,43,2
63,42,6
64,50,9
65,52,13
66,39,1
67,38,3
68,39,7
69,47,11
70,38,3
71,50,11
72,42,2
73,43,4
74,48,12
75,38,3
76,50,9
77,35,1
78,41,2
79,47,9
80,48,11
81,44,6
82,48,8
83,45,6
84,55,19
85,49,12
86,44,3
87,50,10
88,36,2
89,38,0
90,41,6
91,50,13
92,53,12
93,49,11
94,40,3
95,43,8
96,56,18
97,41,4
98,45,9
99,44,4
100,37,0
101,46,4
102,45,6
103,42,4
104,46,6
105,59,12
106,36,1
107,44,5
108,39,4
109,47,10
110,46,9
111,45,7
112,43,2
113,51,11
114,37,1
115,47,8
116,46,4
117,44,6
118,43,7
119,37,6
120,42,3
121,51,12
122,42,2
123,55,11
124,63,20
125,44,11
126,47,7
127,45,7
128,46,6
129,45,8
130,33,2
131,47,14
132,45,3
133,50,8
134,38,3
135,37,1
136,41,1
137,42,7
138,48,7
139,42,1
140,52,10
141,44,6
142,49,13
143,36,3
144,56,14
145,39,1
146,47,9
147,47,6
148,47,8
149,42,6
150,48,11
151,49,9
152,44,9
153,45,8
154,38,3
155,35,0
156,50,10
157,54,11
158,39,7
159,47,9
160,36,2
161,39,6
162,48,14
163,48,6
164,45,6
165,40,5
166,48,10
167,45,9
168,47,5
169,46,7
170,41,0
171,48,6
172,43,5
173,37,1
174,33,5
175,45,7
176,45,5
177,40,1
178,42,1
179,51,9
180,40,2
181,33,0
182,46,6
183,48,5
184,48,9
185,46,4
186,46,6
187,47,6
188,46,8
189,40,5
190,54,11
191,48,12
192,46,5
193,45,8
194,42,6
195,36,1
196,43,6
197,50,14
198,47,9
199,45,4
200,46,11
201,43,5
202,41,6
203,43,6
204,46,4
205,53,14
206,46,8
207,51,8
208,47,6
209,47,10
210,50,8
211,40,1
212,36,0
213,41,3
214,48,9
215,40,9
216,37,4
217,46,9
218,48,5
219,38,5
220,45,7
221,46,5
222,50,8
223,33,2
224,46,8
225,41,6
226,44,4
227,39,2
228,48,11
229,41,7
230,45,6
231,47,6
232,47,8
233,42,4
234,40,1
235,43,4
236,40,6
237,47,9
238,48,5
239,57,16
240,44,8
241,51,8
242,53,17
243,43,4
244,44,7
245,40,1
246,35,0
247,43,9
248,51,13
249,50,12
250,52,8
251,43,7
252,51,14
253,53,12
254,46,6
255,41,9
256,46,9
257,44,8
258,48,9
259,44,4
260,45,5
261,44,3
262,44,6
263,42,2
264,45,8
265,52,9
266,47,9
267,35,0
268,40,1
269,43,4
270,38,3
271,46,8
272,44,6
273,53,15
274,46,12
275,47,5
276,37,3
277,38,4
278,44,6
279,44,7
280,46,8
281,49,8
282,45,6
283,47,5
284,35,0
285,52,13
286,50,16
287,51,10
288,49,10
289,39,2
290,46,12
291,43,4
292,43,6
293,48,8
294,41,5
295,44,4
296,44,3
297,49,10
298,45,3
299,49,7
300,55,11
301,51,8
302,41,3
303,41,1
304,41,2
305,46,6
306,40,6
307,60,15
308,46,7
309,40,3
310,44,6
311,33,3
312,43,7
313,36,4
314,42,5
315,48,9
316,47,8
317,38,4
318,38,5
319,45,5
320,49,10
321,40,3
322,49,12
323,46,7
324,38,5
325,56,13
326,43,2
327,42,3
328,42,2
329,48,5
330,42,6
331,45,11
332,47,7
333,48,9
334,46,6
335,34,3
336,45,6
337,43,7
338,52,10
339,45,11
340,50,8
341,48,12
342,47,3
343,45,4
344,52,16
345,48,4
346,37,2
347,51,11
348,45,8
349,44,8
350,36,2
351,42,8
352,50,11
353,51,10
354,40,3
355,41,4
356,48,12
357,44,4
358,43,4
359,44,4
360,50,15
361,42,3
362,52,13
363,39,6
364,44,5
365,52,11
366,52,8
367,44,6
368,43,5
369,36,2
370,38,1
371,39,3
372,43,6
373,36,2
374,37,0
375,47,6
376,46,9
377,49,9
378,47,8
379,49,12
380,38,8
381,37,3
382,50,13
383,52,11
384,39,1
385,45,8
386,39,4
387,42,5
388,52,8
389,48,8
390,43,5
391,56,12
392,50,8
393,44,5
394,54,12
395,44,4
396,45,5
397,48,15
398,49,10
399,50,9
400,42,7
401,48,9
402,37,2
403,43,5
404,44,7
405,38,0
406,47,12
407,48,10
408,52,12
409,40,1
410,43,5
411,52,13
412,46,6
413,44,7
414,44,7
415,43,6
416,42,3
417,40,2
418,49,6
419,44,1
420,36,1
421,40,1
422,38,3
423,45,4
424,46,7
425,55,16
426,41,3
427,52,11
428,46,6
429,46,14
430,38,2
431,45,6
432,49,10
433,57,18
434,42,3
435,47,7
436,41,4
437,45,6
438,40,8
439,43,5
440,49,10
441,43,6
442,55,14
443,42,4
444,36,4
445,50,9
446,41,0
447,49,8
448,59,17
449,45,3
450,41,6
451,37,3
452,48,11
453,40,3
454,49,10
455,49,4
456,43,4
457,48,8
458,44,9
459,58,13
460,39,5
461,52,11
462,43,0
463,53,10
464,41,6
465,50,11
466,36,0
467,47,6
468,47,7
469,43,5
470,43,5
471,40,4
472,45,10
473,46,10
474,34,2
475,54,14
476,42,3
477,53,11
478,52,7
479,46,9
480,51,11
481,37,0
482,51,15
483,42,2
484,42,2
485,52,9
486,42,6
487,49,9
488,48,4
489,40,2
490,45,10
491,43,3
492,44,2
493,40,4
494,45,4
495,49,12
496,44,3
497,48,9
498,46,7
499,40,4
500,44,2
501,44,13
502,40,4
503,44,7
504,47,6
505,34,4
506,49,9
507,46,5
508,46,6
509,40,3
510,41,5
511,44,5
512,38,2
513,45,7
514,40,7
515,50,10
516,57,19
517,52,15
518,42,2
519,43,2
520,46,13
521,46,10
522,38,5
523,42,2
524,44,3
525,46,5
526,40,5
527,41,4
528,48,15
529,42,3
530,45,5
531,39,6
532,50,8
533,39,4
534,39,4
535,37,4
536,43,4
537,42,4
538,50,11
539,43,5
540,40,6
541,57,12
542,49,6
543,47,7
544,38,0
545,55,16
546,37,0
547,48,9
548,37,4
549,38,3
550,43,7
551,44,3
552,45,14
553,40,4
554,55,11
555,47,7
556,40,4
557,43,5
558,43,8
559,41,1
560,41,3
561,44,6
562,45,8
563,50,14
564,45,4
565,43,7
566,44,6
567,42,6
568,46,10
569,45,3
570,40,3
571,44,8
572,54,14
573,41,5
574,58,11
575,37,6
576,39,1
577,58,13
578,45,10
579,49,11
580,40,7
581,54,17
582,52,10
583,42,7
584,37,3
585,50,10
586,48,9
587,55,17
588,45,6
589,47,13
590,44,6
591,48,8
592,41,3
593,53,14
594,41,8
595,45,9
596,56,14
597,43,6
598,47,10
599,47,14
600,45,3
601,46,5
602,54,13
603,44,1
604,45,3
605,41,5
606,42,5
607,50,10
608,44,11
609,40,5
610,38,4
611,41,3
612,54,11
613,41,4
614,44,4
615,43,5
616,45,10
617,43,4
618,42,5
619,56,17
620,34,0
621,51,11
622,47,7
623,59,17
624,41,5
625,38,3
626,40,7
627,54,15
628,37,4
629,37,2
630,47,8
631,50,6
632,54,14
633,36,0
634,54,15
635,52,12
636,52,8
637,45,5
638,49,9
639,42,8
640,52,8
641,46,9
642,50,9
643,43,6
644,54,9
645,52,11
646,50,9
647,49,10
648,43,5
649,42,6
650,48,10
651,51,12
652,41,5
653,53,13
654,38,5
655,42,1
656,43,2
657,39,7
658,45,7
659,39,2
660,44,5
661,43,4
662,50,10
663,51,10
664,52,9
665,36,0
666,35,1
667,55,15
668,50,14
669,49,8
670,47,10
671,43,7
672,49,11
673,39,3
674,44,8
675,40,6
676,49,9
677,45,3
678,53,15
679,52,10
680,40,3
681,46,4
682,49,9
683,47,7
684,51,12
685,43,9
686,45,8
687,53,14
688,48,13
689,44,5
690,48,8
691,44,3
692,42,5
693,34,1
694,47,6
695,40,4
696,51,14
697,51,13
698,46,8
699,45,3
700,52,18
701,44,4
702,50,12
703,36,2
704,56,13
705,54,13
706,50,13
707,38,3
708,45,5
709,38,3
710,38,3
711,47,7
712,42,3
713,41,8
714,42,6
715,43,10
716,52,11
717,51,6
718,45,2
719,40,5
720,44,4
721,41,6
722,46,8
723,56,11
724,37,2
725,49,7
726,49,11
727,44,7
728,37,2
729,54,15
730,44,4
731,46,6
732,44,5
733,44,6
734,45,5
735,43,4
736,55,19
737,49,9
738,41,5
739,42,4
740,44,6
741,36,1
742,48,11
743,42,5
744,37,4
745,37,3
746,38,5
747,51,10
748,44,2
749,52,10
750,39,5
751,49,9
752,38,3
753,44,6
754,42,7
755,41,2
756,46,7
757,42,6
758,45,11
759,47,10
760,40,4
761,38,3
762,49,8
763,42,4
764,49,11
765,45,6
766,41,7
767,44,9
768,46,12
769,44,4
770,47,7
771,40,1
772,41,6
773,41,5
774,47,9
775,51,11
776,49,12
777,56,12
778,46,8
779,62,21
780,49,10
781,45,4
782,47,8
783,38,2
784,45,9
785,53,12
786,51,15
787,47,10
788,43,10
789,36,2
790,38,4
791,48,5
792,47,8
793,38,4
794,52,10
795,56,16
796,39,3
797,41,2
798,40,1
799,49,11
800,61,23
801,45,7
802,46,6
803,43,4
804,45,8
805,37,1
806,45,9
807,47,4
808,50,12
809,45,3
810,41,4
811,43,8
812,46,6
813,48,3
814,49,14
815,39,3
816,42,4
817,54,14
818,47,5
819,47,9
820,40,4
821,52,12
822,40,5
823,43,7
824,49,6
825,37,0
826,39,2
827,50,9
828,45,8
829,54,14
830,45,8
831,46,7
832,51,16
833,50,15
834,42,4
835,43,6
836,50,12
837,42,4
838,37,3
839,40,5
840,44,4
841,45,8
842,54,13
843,37,3
844,44,3
845,52,14
846,53,15
847,51,11
848,53,10
849,41,3
850,45,8
851,48,8
852,52,19
853,49,13
854,42,8
855,41,3
856,38,2
857,42,2
858,33,0
859,53,14
860,48,10
861,50,13
862,40,3
863,43,8
864,49,7
865,51,13
866,52,14
867,50,15
868,47,9
869,57,12
870,37,2
871,44,10
872,38,4
873,46,6
874,42,4
875,43,7
876,44,9
877,48,5
878,47,5
879,55,14
880,53,16
881,39,3
882,42,3
883,52,9
884,49,10
885,47,6
886,43,3
887,42,4
888,39,5
889,43,5
890,38,1
891,39,8
892,53,12
893,37,4
894,36,3
895,50,11
896,45,5
897,56,16
898,40,5
899,41,2
900,55,14
901,49,8
902,37,2
903,43,2
904,55,14
905,51,9
906,42,4
907,35,0
908,46,6
909,50,8
910,42,7
911,45,9
912,56,20
913,44,11
914,42,2
915,36,0
916,45,9
917,41,4
918,42,6
919,44,6
920,49,11
921,44,4
922,40,5
923,45,7
924,50,9
925,42,3
926,37,0
927,43,4
928,51,12
929,42,3
930,41,4
931,44,9
932,40,1
933,42,5
934,47,7
935,50,10
936,49,12
937,43,8
938,42,5
939,47,8
940,47,5
941,40,5
942,44,4
943,47,9
944,45,10
945,54,12
946,37,1
947,42,5
948,45,7
949,38,3
950,38,1
951,42,3
952,46,9
953,42,6
954,36,5
955,39,3
956,41,6
957,37,4
958,53,17
959,41,4
960,41,0
961,46,8
962,42,6
963,52,14
964,50,8
965,42,3
966,40,4
967,44,8
968,48,9
969,45,4
970,42,6
971,50,10
972,42,2
973,41,4
974,40,3
975,47,7
976,50,8
977,46,10
978,37,1
979,43,6
980,42,4
981,54,15
982,50,14
983,46,12
984,45,7
985,46,9
986,47,10
987,44,7
988,46,8
989,51,8
990,51,9
991,50,10
992,44,8
993,36,2
994,58,23
995,51,9
996,46,12
997,44,3
998,43,2
999,42,5
1000,37,2
