NUM,ATBAT,SCORE
1,54,10
2,41,0
3,38,3
4,48,11
5,42,7
6,45,2
7,45,4
8,45,6
9,45,5
10,49,6
11,43,4
12,47,7
13,45,7
14,42,3
15,46,8
16,38,0
17,42,3
18,46,7
19,53,9
20,52,8
21,34,1
22,47,7
23,53,13
24,52,13
25,48,8
26,45,5
27,60,13
28,43,2
29,45,9
30,48,6
31,58,18
32,57,14
33,46,4
34,47,9
35,39,3
36,52,8
37,51,11
38,57,15
39,45,3
40,48,8
41,49,7
42,40,2
43,47,9
44,53,15
45,53,11
46,47,4
47,44,7
48,47,10
49,42,4
50,46,7
51,47,10
52,51,11
53,44,4
54,44,5
55,43,3
56,49,13
57,51,9
58,49,7
59,51,7
60,37,1
61,47,3
62,42,3
63,45,10
64,50,10
65,43,1
66,40,3
67,39,2
68,50,9
69,40,2
70,41,3
71,42,7
72,49,5
73,57,16
74,59,16
75,59,18
76,38,0
77,41,4
78,49,7
79,43,4
80,48,8
81,53,11
82,38,2
83,49,10
84,40,4
85,46,6
86,39,1
87,53,14
88,38,3
89,40,5
90,44,0
91,51,9
92,54,11
93,43,4
94,48,6
95,44,3
96,53,11
97,41,1
98,49,10
99,49,9
100,54,6
101,38,4
102,57,11
103,51,12
104,47,10
105,40,1
106,47,10
107,44,8
108,62,17
109,55,12
110,52,10
111,51,8
112,40,1
113,34,1
114,34,1
115,37,3
116,36,0
117,61,18
118,60,21
119,47,8
120,44,8
121,42,4
122,44,3
123,39,4
124,43,2
125,52,12
126,38,5
127,37,0
128,45,6
129,43,7
130,56,11
131,37,2
132,55,12
133,42,4
134,37,1
135,43,5
136,54,9
137,40,2
138,50,3
139,39,0
140,45,2
141,45,8
142,47,6
143,47,9
144,38,3
145,47,7
146,42,1
147,53,11
148,43,4
149,47,6
150,44,5
151,44,5
152,45,4
153,48,8
154,39,6
155,45,9
156,48,5
157,55,11
158,45,1
159,48,9
160,41,4
161,51,11
162,44,7
163,49,8
164,49,11
165,43,3
166,50,9
167,49,8
168,47,6
169,43,8
170,50,7
171,44,4
172,45,4
173,49,12
174,49,4
175,39,2
176,43,3
177,43,5
178,41,5
179,46,7
180,42,4
181,43,5
182,40,4
183,47,6
184,46,7
185,48,9
186,44,6
187,50,7
188,50,9
189,49,7
190,54,13
191,43,5
192,45,7
193,44,4
194,49,9
195,49,9
196,38,0
197,44,2
198,56,12
199,44,6
200,43,8
201,58,15
202,49,7
203,41,3
204,36,2
205,33,1
206,52,12
207,36,0
208,50,10
209,48,4
210,47,7
211,46,7
212,48,8
213,36,0
214,43,5
215,53,13
216,49,12
217,43,4
218,38,1
219,43,1
220,45,6
221,45,5
222,43,9
223,57,16
224,46,7
225,44,2
226,48,6
227,42,4
228,36,2
229,34,0
230,44,5
231,40,1
232,45,3
233,47,4
234,43,7
235,44,6
236,43,3
237,50,10
238,45,1
239,42,2
240,52,9
241,45,4
242,46,5
243,45,4
244,45,3
245,49,6
246,39,2
247,37,4
248,44,3
249,50,12
250,45,4
251,40,4
252,45,9
253,43,6
254,48,6
255,56,14
256,42,2
257,48,9
258,50,9
259,42,2
260,43,2
261,41,2
262,41,1
263,53,12
264,52,10
265,38,3
266,45,1
267,40,6
268,49,8
269,54,16
270,41,4
271,46,5
272,39,2
273,49,11
274,43,4
275,47,3
276,45,2
277,41,3
278,42,5
279,44,6
280,44,2
281,50,8
282,51,7
283,44,3
284,42,5
285,43,1
286,44,3
287,52,10
288,38,2
289,46,7
290,37,2
291,34,1
292,42,2
293,37,2
294,46,6
295,42,6
296,40,7
297,48,8
298,45,6
299,51,9
300,42,3
301,39,2
302,40,2
303,43,6
304,42,1
305,44,4
306,43,6
307,43,7
308,47,8
309,52,8
310,43,3
311,43,5
312,52,11
313,59,15
314,56,14
315,41,6
316,44,6
317,52,10
318,45,8
319,46,4
320,46,9
321,42,7
322,37,4
323,56,9
324,52,11
325,48,9
326,46,7
327,60,21
328,45,5
329,42,5
330,45,6
331,45,6
332,47,5
333,43,8
334,43,4
335,45,7
336,39,0
337,60,14
338,52,9
339,51,9
340,48,7
341,36,0
342,44,7
343,43,6
344,42,5
345,44,6
346,42,7
347,45,8
348,48,9
349,48,9
350,42,5
351,49,9
352,47,9
353,37,4
354,57,12
355,54,9
356,42,4
357,46,9
358,53,15
359,49,10
360,43,3
361,54,14
362,46,5
363,52,11
364,35,1
365,37,4
366,54,15
367,34,1
368,40,4
369,43,6
370,45,6
371,44,5
372,42,5
373,44,5
374,48,6
375,35,1
376,41,0
377,51,11
378,44,6
379,40,2
380,43,8
381,45,3
382,44,3
383,38,4
384,34,0
385,46,6
386,36,3
387,39,1
388,45,7
389,51,10
390,52,10
391,37,0
392,44,3
393,45,6
394,52,13
395,40,2
396,48,7
397,53,11
398,53,11
399,39,2
400,50,8
401,44,8
402,42,6
403,45,6
404,47,6
405,45,5
406,41,3
407,45,1
408,51,8
409,42,2
410,43,2
411,44,6
412,42,3
413,52,12
414,50,8
415,48,9
416,60,12
417,43,6
418,39,4
419,39,4
420,51,10
421,50,5
422,54,10
423,48,5
424,45,7
425,43,5
426,41,5
427,40,4
428,45,3
429,40,1
430,49,11
431,44,5
432,43,4
433,49,9
434,43,5
435,46,6
436,43,7
437,48,8
438,47,7
439,35,0
440,47,6
441,45,8
442,46,12
443,41,1
444,40,4
445,47,9
446,44,3
447,45,8
448,49,9
449,37,1
450,46,11
451,48,8
452,45,2
453,39,0
454,45,7
455,43,7
456,48,8
457,48,12
458,47,8
459,43,5
460,47,6
461,44,4
462,39,3
463,48,8
464,43,6
465,46,6
466,55,11
467,43,7
468,50,9
469,52,11
470,54,8
471,43,3
472,34,1
473,72,31
474,45,3
475,39,0
476,47,8
477,38,2
478,43,7
479,43,2
480,40,5
481,51,11
482,37,4
483,46,5
484,39,3
485,43,3
486,47,6
487,52,10
488,48,5
489,45,6
490,52,12
491,46,6
492,46,5
493,56,14
494,39,3
495,35,0
496,57,14
497,42,5
498,37,2
499,49,7
500,46,6
501,42,3
502,46,6
503,48,7
504,46,6
505,49,9
506,56,15
507,34,1
508,47,8
509,41,4
510,40,3
511,49,9
512,47,9
513,60,14
514,54,11
515,44,6
516,46,4
517,54,17
518,47,10
519,38,3
520,54,13
521,47,12
522,47,8
523,37,2
524,54,11
525,52,8
526,39,2
527,48,13
528,46,7
529,53,10
530,47,10
531,58,14
532,55,14
533,40,5
534,49,8
535,42,5
536,42,5
537,39,2
538,46,7
539,59,19
540,41,4
541,43,1
542,36,0
543,58,20
544,48,6
545,38,2
546,44,9
547,51,12
548,36,0
549,47,14
550,45,4
551,47,6
552,48,7
553,49,12
554,53,12
555,38,5
556,52,9
557,41,2
558,53,10
559,47,4
560,38,1
561,48,12
562,47,6
563,47,6
564,48,6
565,43,6
566,41,2
567,46,4
568,51,9
569,48,8
570,37,1
571,52,11
572,48,7
573,43,7
574,40,2
575,54,13
576,45,4
577,49,9
578,49,9
579,39,5
580,62,21
581,42,1
582,38,4
583,40,2
584,53,10
585,51,11
586,51,11
587,58,13
588,39,4
589,55,10
590,37,0
591,40,2
592,48,7
593,49,6
594,51,12
595,46,5
596,59,14
597,42,3
598,49,9
599,41,0
600,42,4
601,50,6
602,47,8
603,47,8
604,45,7
605,41,3
606,50,10
607,50,10
608,44,5
609,43,4
610,47,9
611,40,4
612,54,15
613,63,17
614,46,3
615,45,5
616,50,7
617,41,6
618,39,2
619,48,11
620,43,6
621,42,8
622,46,5
623,49,12
624,50,10
625,41,3
626,52,8
627,48,8
628,42,5
629,51,9
630,46,2
631,50,8
632,38,2
633,44,2
634,38,1
635,41,4
636,51,9
637,48,7
638,50,6
639,47,6
640,46,5
641,48,5
642,38,1
643,43,4
644,34,3
645,51,4
646,54,10
647,44,4
648,40,7
649,42,7
650,48,4
651,49,9
652,49,8
653,41,6
654,51,8
655,43,5
656,48,7
657,44,7
658,40,5
659,43,3
660,50,11
661,66,23
662,39,1
663,56,11
664,58,17
665,37,4
666,43,8
667,45,6
668,46,6
669,50,12
670,49,6
671,38,1
672,38,2
673,58,15
674,45,9
675,52,8
676,46,11
677,51,10
678,46,7
679,50,12
680,48,7
681,44,4
682,39,1
683,48,6
684,45,4
685,51,7
686,39,6
687,50,12
688,45,5
689,53,14
690,58,19
691,55,14
692,46,11
693,42,5
694,45,6
695,40,4
696,43,5
697,49,8
698,61,16
699,52,8
700,44,5
701,42,2
702,49,10
703,42,1
704,44,5
705,45,5
706,42,7
707,48,9
708,53,10
709,40,5
710,40,0
711,44,2
712,46,8
713,47,5
714,42,1
715,57,14
716,49,8
717,48,10
718,50,8
719,41,8
720,46,7
721,45,8
722,46,5
723,54,12
724,44,5
725,53,11
726,50,11
727,55,12
728,42,5
729,46,5
730,45,4
731,62,21
732,43,6
733,45,5
734,45,8
735,41,1
736,45,2
737,45,6
738,43,2
739,43,4
740,55,10
741,42,6
742,44,9
743,46,9
744,54,7
745,43,5
746,39,1
747,39,3
748,44,8
749,39,3
750,46,4
751,48,6
752,46,11
753,46,5
754,36,1
755,39,1
756,46,3
757,51,10
758,53,14
759,44,6
760,38,3
761,48,8
762,42,6
763,39,4
764,48,8
765,57,16
766,40,7
767,39,2
768,51,12
769,41,5
770,47,3
771,58,12
772,38,4
773,49,10
774,40,2
775,36,1
776,45,3
777,46,4
778,54,15
779,47,7
780,44,3
781,47,7
782,52,16
783,52,8
784,45,7
785,43,4
786,45,8
787,45,4
788,54,14
789,47,6
790,38,1
791,43,3
792,42,8
793,55,12
794,46,7
795,47,5
796,46,6
797,45,7
798,47,8
799,46,5
800,47,6
801,42,7
802,50,9
803,42,1
804,58,16
805,58,17
806,54,13
807,51,9
808,45,4
809,47,8
810,43,4
811,58,14
812,50,8
813,50,11
814,46,5
815,53,11
816,45,7
817,46,9
818,47,8
819,44,5
820,44,4
821,44,5
822,42,4
823,42,5
824,39,4
825,48,7
826,35,2
827,46,7
828,48,7
829,43,6
830,45,4
831,43,5
832,48,8
833,49,7
834,42,4
835,41,3
836,57,17
837,42,4
838,36,0
839,35,2
840,55,11
841,44,3
842,46,7
843,46,7
844,42,4
845,53,12
846,37,2
847,51,8
848,45,8
849,56,14
850,41,1
851,44,6
852,44,11
853,47,9
854,45,5
855,53,15
856,42,4
857,45,4
858,50,9
859,52,7
860,41,3
861,52,13
862,46,10
863,41,2
864,51,10
865,44,5
866,40,6
867,42,5
868,37,3
869,57,13
870,41,1
871,41,1
872,44,4
873,61,17
874,49,9
875,42,3
876,43,4
877,48,7
878,51,9
879,51,12
880,41,1
881,44,6
882,42,6
883,45,7
884,47,7
885,45,8
886,55,16
887,37,2
888,49,14
889,50,7
890,50,9
891,41,3
892,43,5
893,51,13
894,47,6
895,50,7
896,47,6
897,47,7
898,49,7
899,43,3
900,46,6
901,46,5
902,43,6
903,42,5
904,53,9
905,41,3
906,48,9
907,49,7
908,40,1
909,42,2
910,42,3
911,42,3
912,45,4
913,53,11
914,54,10
915,47,10
916,49,7
917,52,8
918,43,5
919,40,1
920,50,8
921,51,8
922,45,6
923,42,5
924,44,7
925,52,9
926,36,0
927,43,3
928,43,3
929,50,10
930,59,11
931,54,9
932,50,15
933,41,1
934,44,6
935,42,6
936,57,14
937,44,4
938,46,7
939,42,5
940,49,8
941,40,2
942,47,12
943,49,10
944,49,11
945,60,19
946,47,9
947,42,2
948,36,0
949,38,2
950,46,9
951,45,6
952,43,2
953,40,1
954,45,7
955,49,6
956,49,5
957,52,11
958,50,8
959,49,5
960,42,5
961,50,9
962,43,5
963,51,11
964,47,6
965,48,6
966,50,12
967,40,6
968,42,4
969,38,1
970,48,8
971,59,19
972,48,8
973,49,8
974,47,7
975,48,8
976,50,9
977,36,0
978,56,16
979,60,17
980,34,0
981,47,6
982,40,4
983,40,1
984,36,1
985,40,1
986,48,7
987,47,7
988,45,6
989,51,11
990,54,14
991,49,9
992,38,1
993,46,5
994,47,6
995,39,4
996,40,4
997,54,8
998,39,3
999,50,9
1000,47,10
