NUM,ATBAT,SCORE
1,47,11
2,36,0
3,51,9
4,42,5
5,42,4
6,42,6
7,51,14
8,45,9
9,37,2
10,36,2
11,40,4
12,44,8
13,41,4
14,40,3
15,38,4
16,44,4
17,41,3
18,30,0
19,37,1
20,47,10
21,41,5
22,35,2
23,48,5
24,39,2
25,46,12
26,38,1
27,40,5
28,39,1
29,48,1
30,37,1
31,43,4
32,38,4
33,44,7
34,47,6
35,37,0
36,49,13
37,45,5
38,39,3
39,42,5
40,40,3
41,35,0
42,48,7
43,43,5
44,45,8
45,43,5
46,41,4
47,44,7
48,39,4
49,40,1
50,45,6
51,36,6
52,45,5
53,50,7
54,44,5
55,37,0
56,50,10
57,38,1
58,39,5
59,49,5
60,33,0
61,52,11
62,36,2
63,41,2
64,38,2
65,51,6
66,33,0
67,35,3
68,38,1
69,44,7
70,41,4
71,41,5
72,48,11
73,38,5
74,47,8
75,41,2
76,43,4
77,39,2
78,35,4
79,33,2
80,37,0
81,47,5
82,45,4
83,44,5
84,40,8
85,48,11
86,41,0
87,45,5
88,42,2
89,43,8
90,41,3
91,47,6
92,49,13
93,40,2
94,43,5
95,47,8
96,30,0
97,44,7
98,33,0
99,39,2
100,41,7
101,44,4
102,48,9
103,45,4
104,42,2
105,37,1
106,49,8
107,47,10
108,37,3
109,47,8
110,47,6
111,36,2
112,42,7
113,47,9
114,39,4
115,39,1
116,45,4
117,49,7
118,51,11
119,38,2
120,54,15
121,47,6
122,45,5
123,44,3
124,45,5
125,42,8
126,41,4
127,47,3
128,37,2
129,37,2
130,43,3
131,47,8
132,35,0
133,52,8
134,44,10
135,44,5
136,36,4
137,37,0
138,42,7
139,40,3
140,41,4
141,38,3
142,48,5
143,44,4
144,42,5
145,42,2
146,50,8
147,40,6
148,37,2
149,51,10
150,42,3
151,50,10
152,35,0
153,35,1
154,38,2
155,49,9
156,42,6
157,41,4
158,47,10
159,34,1
160,45,4
161,44,6
162,46,9
163,45,11
164,47,6
165,37,1
166,46,7
167,38,2
168,47,3
169,37,2
170,48,11
171,46,4
172,34,1
173,36,3
174,42,5
175,36,1
176,46,3
177,40,3
178,37,1
179,40,1
180,49,10
181,45,7
182,42,3
183,37,0
184,31,1
185,43,4
186,53,11
187,51,14
188,44,10
189,40,5
190,35,1
191,42,6
192,44,4
193,40,4
194,45,8
195,39,3
196,43,4
197,53,14
198,56,13
199,48,6
200,42,5
201,42,4
202,39,1
203,35,2
204,44,4
205,40,2
206,47,6
207,39,2
208,41,3
209,38,3
210,45,7
211,47,3
212,42,7
213,39,4
214,44,8
215,44,11
216,47,6
217,40,5
218,41,6
219,36,1
220,36,1
221,41,6
222,39,4
223,41,7
224,35,4
225,39,2
226,49,6
227,46,7
228,44,3
229,44,6
230,38,2
231,35,4
232,37,0
233,45,5
234,50,12
235,48,7
236,38,5
237,39,2
238,42,6
239,39,2
240,41,6
241,41,6
242,42,3
243,34,0
244,41,5
245,50,11
246,38,2
247,45,4
248,45,5
249,39,2
250,44,4
251,44,8
252,39,4
253,46,10
254,46,6
255,51,9
256,36,2
257,45,5
258,44,6
259,44,3
260,33,0
261,49,9
262,48,8
263,45,4
264,39,3
265,38,3
266,51,12
267,40,2
268,46,2
269,47,8
270,45,9
271,46,8
272,44,7
273,42,4
274,39,4
275,46,5
276,48,10
277,44,4
278,44,5
279,47,8
280,45,3
281,42,6
282,45,4
283,40,1
284,45,5
285,42,4
286,39,4
287,39,4
288,48,7
289,46,8
290,45,8
291,44,8
292,37,1
293,44,5
294,40,3
295,41,3
296,32,1
297,52,12
298,46,6
299,42,5
300,43,4
301,41,4
302,45,5
303,45,2
304,40,3
305,42,5
306,44,7
307,44,3
308,44,7
309,41,4
310,45,7
311,34,2
312,45,6
313,38,3
314,45,7
315,46,8
316,49,6
317,35,5
318,34,1
319,40,1
320,44,2
321,41,3
322,41,5
323,47,8
324,40,5
325,41,3
326,41,6
327,45,4
328,49,9
329,44,8
330,54,13
331,38,4
332,38,1
333,36,2
334,38,5
335,42,8
336,44,2
337,43,6
338,43,3
339,41,3
340,54,16
341,44,2
342,36,0
343,38,2
344,39,2
345,43,9
346,39,0
347,41,5
348,36,2
349,45,6
350,37,3
351,39,6
352,59,16
353,47,7
354,47,3
355,42,8
356,48,7
357,51,9
358,44,4
359,38,4
360,49,8
361,48,15
362,51,9
363,42,5
364,41,6
365,43,5
366,50,10
367,45,4
368,38,2
369,38,1
370,42,7
371,51,7
372,48,12
373,50,12
374,45,7
375,37,1
376,38,4
377,44,5
378,48,7
379,39,2
380,46,7
381,42,4
382,37,2
383,40,3
384,48,8
385,40,2
386,46,6
387,42,3
388,49,9
389,34,0
390,49,9
391,36,2
392,40,1
393,46,7
394,45,2
395,45,6
396,48,11
397,34,3
398,47,5
399,37,2
400,43,6
401,41,5
402,44,4
403,39,1
404,44,3
405,39,2
406,33,1
407,41,5
408,38,2
409,46,4
410,36,0
411,48,11
412,46,2
413,40,2
414,49,7
415,41,4
416,41,3
417,50,11
418,44,7
419,49,11
420,39,5
421,41,5
422,40,5
423,45,7
424,41,2
425,40,1
426,42,4
427,43,4
428,45,11
429,40,1
430,43,6
431,39,5
432,38,3
433,36,1
434,51,10
435,36,1
436,48,11
437,43,3
438,45,3
439,46,7
440,37,3
441,39,3
442,51,11
443,45,5
444,41,4
445,47,4
446,38,1
447,50,12
448,42,7
449,42,4
450,43,8
451,37,1
452,44,5
453,47,2
454,38,5
455,48,8
456,43,6
457,47,8
458,43,5
459,38,3
460,45,7
461,36,1
462,44,6
463,40,3
464,44,5
465,44,7
466,42,8
467,44,5
468,39,0
469,45,5
470,44,3
471,45,3
472,38,2
473,42,5
474,39,6
475,43,5
476,46,8
477,48,7
478,45,5
479,50,13
480,49,9
481,41,5
482,37,0
483,44,6
484,38,2
485,45,3
486,39,1
487,43,3
488,49,7
489,42,6
490,38,3
491,45,4
492,41,6
493,33,0
494,37,1
495,39,1
496,44,5
497,42,9
498,45,4
499,41,1
500,45,6
501,40,4
502,50,7
503,44,6
504,49,10
505,41,2
506,35,0
507,44,4
508,41,5
509,43,7
510,52,18
511,41,4
512,44,9
513,44,5
514,44,4
515,46,5
516,37,2
517,37,1
518,51,10
519,51,7
520,43,6
521,36,0
522,47,4
523,40,2
524,35,2
525,38,2
526,48,9
527,41,6
528,57,19
529,44,7
530,43,7
531,35,0
532,44,7
533,43,5
534,48,11
535,33,1
536,45,6
537,36,1
538,39,0
539,42,7
540,45,4
541,41,6
542,39,0
543,33,0
544,37,0
545,35,0
546,49,7
547,39,1
548,39,0
549,37,0
550,39,2
551,52,14
552,43,3
553,40,3
554,40,6
555,39,5
556,46,8
557,46,8
558,42,3
559,33,0
560,45,7
561,45,7
562,38,6
563,38,1
564,42,3
565,42,4
566,41,3
567,47,4
568,44,5
569,47,9
570,36,1
571,43,4
572,41,2
573,44,4
574,37,5
575,50,10
576,43,6
577,48,6
578,36,0
579,48,9
580,44,4
581,53,8
582,44,5
583,53,10
584,49,6
585,45,7
586,41,4
587,39,6
588,46,3
589,40,7
590,38,5
591,44,4
592,52,7
593,46,9
594,46,8
595,48,10
596,43,5
597,52,11
598,43,4
599,45,6
600,34,0
601,39,4
602,39,1
603,53,16
604,47,10
605,51,10
606,41,7
607,42,6
608,43,10
609,38,0
610,38,3
611,39,3
612,40,2
613,47,6
614,39,1
615,50,4
616,43,2
617,37,1
618,42,5
619,39,7
620,45,7
621,39,3
622,43,3
623,58,14
624,40,6
625,42,2
626,40,6
627,41,4
628,37,0
629,37,1
630,50,8
631,41,4
632,50,11
633,55,13
634,41,5
635,42,5
636,48,6
637,33,1
638,36,3
639,44,6
640,42,4
641,48,10
642,38,4
643,37,2
644,40,2
645,46,4
646,45,9
647,40,4
648,46,8
649,45,6
650,41,2
651,37,1
652,39,5
653,43,1
654,43,6
655,42,8
656,56,11
657,40,3
658,51,12
659,39,4
660,36,3
661,34,0
662,42,5
663,45,5
664,47,8
665,41,6
666,46,9
667,50,11
668,43,6
669,36,3
670,49,9
671,51,11
672,35,1
673,50,8
674,47,8
675,41,6
676,40,3
677,41,4
678,45,10
679,42,1
680,47,12
681,42,3
682,41,7
683,41,4
684,44,8
685,47,9
686,50,8
687,39,1
688,37,0
689,45,8
690,42,3
691,38,3
692,37,1
693,39,3
694,48,5
695,45,6
696,46,1
697,37,3
698,42,5
699,41,4
700,47,10
701,44,3
702,50,9
703,41,5
704,39,1
705,38,1
706,41,4
707,51,11
708,37,2
709,48,6
710,39,6
711,40,3
712,45,7
713,48,14
714,46,9
715,37,2
716,49,8
717,40,3
718,35,3
719,43,7
720,42,5
721,52,14
722,37,3
723,46,2
724,51,14
725,42,7
726,36,1
727,44,6
728,39,2
729,42,6
730,41,5
731,41,3
732,45,4
733,42,1
734,45,6
735,51,10
736,43,4
737,54,9
738,48,8
739,48,9
740,36,2
741,39,1
742,36,4
743,42,2
744,35,2
745,32,1
746,49,10
747,47,7
748,44,8
749,35,2
750,35,2
751,58,18
752,42,3
753,44,5
754,40,5
755,37,3
756,33,2
757,51,11
758,42,2
759,42,4
760,41,1
761,49,13
762,42,3
763,49,11
764,49,9
765,41,6
766,52,16
767,44,6
768,49,7
769,47,4
770,43,2
771,40,1
772,41,3
773,39,2
774,45,5
775,39,2
776,46,9
777,39,2
778,43,4
779,43,3
780,54,12
781,41,4
782,47,6
783,40,4
784,53,9
785,35,0
786,36,2
787,44,4
788,42,4
789,35,2
790,38,0
791,38,2
792,41,2
793,48,6
794,44,7
795,34,0
796,42,8
797,54,15
798,38,2
799,38,3
800,42,2
801,44,5
802,38,1
803,43,5
804,37,2
805,41,3
806,38,5
807,36,0
808,40,3
809,39,5
810,45,3
811,55,10
812,40,2
813,42,3
814,40,6
815,44,5
816,39,0
817,34,0
818,41,8
819,43,4
820,45,4
821,49,12
822,45,6
823,42,2
824,44,5
825,43,6
826,43,5
827,44,5
828,42,4
829,49,5
830,52,11
831,43,2
832,45,8
833,49,7
834,37,0
835,45,3
836,47,11
837,39,2
838,42,1
839,41,4
840,54,13
841,39,1
842,37,0
843,43,4
844,48,6
845,43,7
846,44,7
847,44,7
848,46,9
849,41,5
850,41,5
851,41,3
852,52,8
853,37,2
854,41,6
855,45,5
856,41,3
857,46,8
858,46,5
859,45,9
860,47,11
861,44,7
862,37,3
863,42,5
864,41,3
865,48,8
866,49,5
867,43,5
868,49,12
869,42,6
870,40,2
871,49,8
872,46,5
873,44,2
874,55,18
875,41,2
876,40,3
877,42,2
878,35,1
879,35,1
880,37,5
881,37,1
882,38,3
883,40,4
884,37,3
885,48,6
886,45,3
887,44,1
888,39,5
889,34,0
890,44,8
891,42,5
892,49,9
893,44,7
894,44,2
895,46,9
896,37,2
897,40,5
898,42,6
899,45,4
900,34,1
901,40,1
902,41,3
903,41,5
904,40,1
905,40,4
906,41,5
907,46,8
908,45,8
909,44,4
910,44,5
911,42,5
912,48,6
913,35,0
914,44,6
915,42,1
916,54,15
917,42,8
918,44,8
919,44,8
920,37,2
921,48,10
922,54,11
923,41,2
924,44,3
925,42,7
926,48,12
927,39,2
928,40,3
929,37,1
930,38,1
931,47,7
932,43,3
933,41,10
934,49,13
935,47,6
936,41,2
937,38,1
938,40,3
939,51,8
940,42,2
941,49,10
942,42,2
943,51,7
944,39,4
945,49,8
946,45,4
947,45,7
948,50,10
949,41,2
950,41,8
951,37,0
952,41,10
953,46,8
954,46,6
955,43,2
956,48,6
957,34,1
958,45,5
959,44,4
960,42,4
961,44,9
962,38,2
963,44,7
964,43,5
965,41,4
966,41,1
967,32,0
968,39,3
969,47,6
970,34,2
971,48,11
972,39,4
973,52,13
974,36,2
975,40,2
976,39,0
977,47,5
978,45,8
979,42,7
980,38,3
981,45,1
982,49,7
983,38,2
984,35,0
985,43,7
986,31,0
987,45,3
988,37,2
989,46,5
990,46,4
991,43,4
992,40,3
993,43,2
994,43,4
995,41,4
996,41,2
997,54,8
998,52,12
999,38,0
1000,44,8
