NUM,ATBAT,SCORE
1,45,9
2,46,4
3,40,5
4,43,8
5,40,7
6,45,9
7,44,10
8,52,11
9,36,4
10,39,3
11,38,2
12,40,4
13,43,4
14,40,4
15,51,7
16,43,2
17,40,6
18,51,12
19,44,9
20,42,7
21,39,3
22,49,12
23,44,7
24,46,4
25,37,2
26,42,5
27,49,9
28,40,6
29,45,6
30,41,4
31,34,0
32,43,8
33,42,6
34,42,4
35,51,11
36,47,6
37,41,6
38,38,6
39,38,1
40,52,10
41,40,7
42,38,4
43,43,5
44,46,9
45,49,10
46,37,1
47,39,2
48,41,3
49,47,8
50,45,5
51,49,8
52,41,5
53,44,4
54,50,9
55,39,3
56,49,9
57,40,3
58,44,5
59,43,6
60,52,10
61,49,7
62,51,13
63,46,6
64,43,3
65,47,5
66,41,2
67,50,8
68,45,7
69,47,12
70,51,13
71,47,9
72,40,6
73,47,4
74,39,6
75,47,8
76,47,10
77,39,4
78,44,4
79,47,4
80,43,3
81,39,3
82,42,3
83,52,11
84,39,3
85,48,8
86,42,6
87,42,2
88,46,6
89,48,8
90,39,1
91,34,1
92,38,0
93,39,4
94,44,8
95,48,8
96,36,1
97,45,13
98,39,3
99,39,2
100,46,9
101,46,7
102,46,8
103,45,4
104,39,5
105,52,14
106,39,3
107,46,6
108,36,1
109,40,2
110,43,5
111,36,1
112,44,6
113,47,6
114,50,13
115,48,7
116,41,3
117,38,2
118,44,2
119,36,1
120,46,9
121,48,10
122,49,8
123,38,1
124,43,3
125,41,6
126,43,5
127,52,12
128,37,1
129,43,6
130,33,1
131,50,10
132,47,6
133,54,16
134,43,6
135,36,1
136,41,7
137,52,14
138,49,4
139,36,4
140,41,3
141,45,7
142,43,6
143,40,6
144,40,4
145,39,3
146,42,3
147,48,10
148,39,4
149,43,2
150,33,0
151,42,6
152,44,6
153,51,11
154,37,3
155,42,5
156,41,5
157,43,9
158,42,1
159,48,10
160,42,4
161,53,10
162,46,8
163,51,9
164,38,1
165,45,5
166,45,7
167,42,2
168,44,6
169,53,9
170,45,4
171,40,1
172,36,1
173,45,5
174,46,4
175,48,7
176,47,7
177,47,7
178,46,6
179,38,2
180,45,9
181,45,8
182,56,15
183,33,0
184,43,6
185,46,11
186,46,8
187,47,6
188,50,12
189,48,11
190,41,5
191,42,3
192,49,11
193,50,12
194,42,7
195,49,6
196,40,1
197,43,9
198,42,10
199,35,2
200,47,5
201,41,2
202,45,8
203,47,11
204,41,5
205,47,10
206,39,5
207,40,5
208,42,6
209,43,6
210,47,12
211,48,9
212,39,1
213,41,3
214,49,10
215,46,7
216,45,6
217,52,13
218,44,8
219,48,11
220,47,6
221,42,5
222,42,6
223,53,10
224,44,6
225,50,12
226,40,5
227,50,7
228,47,9
229,44,5
230,52,11
231,36,2
232,39,5
233,51,7
234,41,9
235,41,5
236,47,10
237,56,11
238,40,3
239,40,4
240,42,4
241,48,12
242,39,2
243,49,11
244,42,6
245,54,15
246,47,5
247,41,6
248,53,11
249,50,13
250,44,5
251,45,5
252,40,3
253,46,11
254,41,1
255,44,6
256,50,12
257,49,13
258,42,3
259,36,5
260,46,7
261,39,6
262,41,4
263,56,20
264,44,6
265,39,3
266,44,3
267,55,13
268,42,6
269,48,8
270,45,5
271,39,4
272,51,11
273,40,5
274,41,1
275,40,7
276,45,3
277,51,12
278,42,8
279,45,5
280,44,6
281,49,6
282,42,3
283,36,3
284,40,4
285,41,3
286,39,1
287,42,6
288,49,10
289,52,13
290,46,5
291,44,6
292,47,12
293,48,10
294,43,5
295,43,6
296,43,8
297,44,4
298,44,5
299,49,12
300,44,3
301,39,5
302,39,3
303,42,8
304,47,6
305,42,6
306,41,3
307,57,18
308,45,6
309,45,9
310,39,1
311,42,6
312,53,13
313,46,8
314,44,10
315,58,15
316,36,1
317,47,10
318,41,3
319,52,11
320,35,1
321,48,10
322,36,4
323,37,2
324,57,15
325,39,6
326,42,7
327,50,10
328,45,7
329,44,8
330,41,6
331,39,4
332,51,11
333,55,11
334,42,5
335,45,6
336,43,2
337,48,4
338,41,3
339,38,3
340,42,3
341,46,4
342,56,18
343,44,5
344,50,11
345,43,3
346,39,3
347,49,8
348,46,11
349,42,6
350,55,14
351,55,15
352,50,7
353,52,10
354,44,9
355,43,5
356,42,8
357,42,7
358,40,2
359,38,4
360,45,6
361,41,3
362,50,12
363,44,7
364,53,14
365,47,6
366,52,7
367,35,5
368,46,6
369,43,4
370,48,10
371,42,2
372,53,17
373,39,5
374,37,1
375,45,10
376,43,7
377,38,3
378,41,7
379,55,15
380,49,6
381,39,5
382,41,1
383,36,4
384,52,18
385,39,6
386,35,0
387,51,10
388,45,6
389,50,11
390,47,12
391,50,12
392,43,4
393,44,5
394,40,6
395,49,6
396,46,5
397,45,8
398,34,2
399,39,3
400,49,10
401,46,8
402,43,7
403,40,2
404,45,6
405,40,2
406,41,1
407,46,9
408,36,0
409,52,13
410,45,10
411,43,2
412,47,7
413,39,2
414,53,11
415,45,8
416,44,7
417,40,4
418,42,4
419,43,9
420,39,2
421,41,4
422,54,18
423,50,10
424,41,6
425,40,1
426,38,2
427,39,4
428,38,2
429,41,2
430,37,4
431,47,8
432,47,8
433,53,17
434,45,9
435,44,4
436,36,0
437,41,3
438,45,7
439,39,3
440,43,7
441,39,6
442,36,4
443,36,0
444,42,3
445,45,3
446,47,7
447,55,12
448,53,13
449,48,12
450,51,6
451,51,6
452,45,8
453,46,12
454,48,8
455,40,4
456,45,8
457,41,4
458,43,4
459,36,0
460,43,11
461,54,16
462,45,7
463,44,7
464,45,6
465,35,0
466,37,3
467,38,2
468,38,4
469,45,8
470,49,12
471,39,5
472,42,4
473,42,5
474,48,10
475,42,4
476,40,6
477,54,16
478,53,12
479,41,9
480,52,13
481,42,7
482,42,8
483,48,12
484,45,2
485,52,9
486,39,4
487,48,9
488,52,14
489,44,7
490,40,2
491,48,9
492,44,7
493,47,10
494,35,2
495,43,8
496,49,11
497,41,4
498,43,5
499,40,2
500,45,8
501,51,13
502,59,15
503,54,11
504,39,6
505,44,5
506,42,7
507,43,8
508,48,6
509,46,6
510,47,9
511,44,6
512,37,3
513,50,10
514,46,11
515,41,6
516,48,7
517,47,6
518,39,7
519,40,6
520,38,4
521,43,5
522,42,5
523,47,9
524,41,6
525,46,6
526,50,9
527,36,1
528,45,5
529,43,5
530,48,7
531,59,14
532,40,6
533,42,7
534,49,13
535,38,3
536,41,4
537,37,0
538,48,7
539,42,2
540,47,6
541,46,9
542,55,11
543,41,4
544,42,4
545,46,9
546,40,7
547,45,7
548,45,5
549,43,6
550,43,7
551,44,4
552,44,9
553,40,6
554,47,9
555,41,4
556,49,7
557,53,8
558,44,5
559,39,2
560,41,3
561,41,5
562,33,1
563,51,11
564,45,6
565,42,2
566,41,4
567,47,13
568,43,6
569,38,2
570,49,11
571,41,9
572,41,3
573,51,11
574,42,8
575,46,9
576,48,6
577,37,1
578,36,3
579,47,4
580,47,11
581,40,4
582,35,2
583,38,1
584,43,7
585,55,16
586,45,7
587,42,3
588,49,9
589,51,8
590,60,19
591,39,3
592,37,3
593,43,4
594,49,11
595,45,6
596,41,3
597,44,7
598,41,5
599,38,4
600,41,6
601,42,5
602,36,1
603,42,7
604,49,7
605,43,7
606,46,10
607,38,5
608,48,10
609,43,4
610,48,10
611,49,10
612,41,5
613,53,17
614,41,3
615,37,3
616,52,8
617,47,11
618,48,6
619,39,3
620,51,10
621,37,3
622,51,10
623,53,12
624,45,10
625,51,7
626,41,5
627,55,13
628,52,9
629,43,6
630,39,4
631,39,3
632,44,6
633,38,2
634,53,14
635,48,10
636,41,5
637,40,2
638,42,5
639,36,2
640,40,2
641,53,10
642,52,13
643,46,3
644,62,21
645,50,14
646,38,0
647,45,6
648,43,6
649,48,8
650,42,6
651,38,1
652,43,6
653,35,0
654,52,11
655,51,6
656,54,16
657,41,3
658,46,4
659,55,16
660,52,8
661,41,1
662,34,0
663,49,8
664,42,4
665,41,2
666,51,11
667,44,3
668,44,7
669,45,6
670,42,4
671,44,6
672,42,4
673,50,9
674,45,6
675,42,6
676,45,1
677,44,7
678,49,10
679,42,4
680,46,10
681,40,2
682,39,2
683,40,2
684,50,6
685,43,2
686,41,5
687,41,4
688,43,1
689,39,3
690,40,5
691,39,3
692,44,4
693,54,13
694,50,8
695,37,4
696,44,7
697,44,6
698,43,6
699,51,9
700,52,9
701,53,12
702,47,9
703,39,5
704,38,0
705,37,2
706,33,0
707,42,4
708,51,11
709,43,5
710,42,6
711,46,9
712,42,3
713,48,9
714,58,18
715,43,4
716,46,12
717,43,3
718,46,6
719,55,13
720,43,2
721,54,13
722,42,9
723,51,10
724,50,7
725,51,14
726,42,4
727,51,8
728,50,8
729,39,5
730,56,16
731,45,5
732,41,8
733,41,5
734,61,19
735,37,2
736,52,8
737,48,11
738,49,7
739,46,8
740,39,5
741,44,7
742,48,9
743,44,6
744,34,0
745,48,9
746,40,8
747,45,3
748,47,8
749,38,4
750,35,4
751,47,7
752,48,5
753,53,13
754,42,7
755,41,5
756,40,4
757,52,10
758,42,3
759,36,1
760,40,4
761,55,16
762,47,8
763,51,8
764,37,0
765,42,2
766,39,4
767,48,5
768,50,8
769,46,7
770,45,5
771,37,4
772,49,8
773,43,2
774,41,1
775,45,8
776,50,12
777,38,1
778,46,9
779,44,5
780,50,6
781,39,6
782,41,9
783,48,7
784,39,3
785,41,2
786,42,2
787,42,3
788,45,6
789,51,8
790,45,8
791,46,3
792,50,13
793,53,14
794,37,3
795,37,4
796,47,7
797,46,9
798,51,12
799,44,8
800,42,6
801,38,2
802,45,9
803,43,4
804,43,1
805,49,14
806,36,1
807,43,6
808,46,9
809,49,9
810,42,4
811,39,3
812,43,5
813,47,7
814,45,5
815,45,7
816,44,5
817,42,5
818,49,8
819,37,3
820,41,5
821,41,4
822,38,1
823,43,9
824,33,3
825,48,7
826,44,8
827,45,11
828,33,0
829,48,9
830,45,6
831,47,9
832,39,5
833,45,7
834,41,3
835,38,4
836,46,8
837,36,4
838,50,15
839,51,12
840,41,8
841,36,4
842,49,9
843,54,12
844,46,6
845,45,10
846,49,7
847,43,7
848,40,1
849,57,12
850,40,2
851,37,3
852,47,4
853,40,0
854,37,2
855,35,1
856,55,12
857,43,5
858,43,2
859,45,8
860,44,6
861,48,10
862,42,2
863,55,14
864,43,2
865,49,4
866,37,1
867,47,10
868,41,2
869,45,6
870,41,5
871,51,14
872,45,10
873,49,11
874,45,6
875,41,4
876,39,3
877,44,6
878,46,9
879,44,9
880,41,3
881,48,9
882,34,1
883,40,3
884,43,7
885,35,1
886,48,10
887,47,4
888,44,6
889,43,6
890,40,4
891,39,5
892,35,8
893,45,8
894,35,2
895,43,5
896,48,13
897,36,2
898,40,4
899,52,11
900,50,10
901,40,4
902,50,8
903,37,3
904,46,7
905,45,5
906,37,1
907,48,8
908,41,2
909,42,4
910,46,4
911,38,2
912,44,5
913,46,7
914,44,9
915,50,6
916,44,3
917,49,8
918,48,8
919,44,5
920,39,5
921,34,1
922,48,8
923,39,3
924,48,6
925,42,1
926,47,8
927,40,5
928,40,5
929,45,7
930,49,8
931,43,5
932,52,10
933,41,6
934,37,2
935,38,3
936,40,4
937,48,7
938,44,3
939,35,1
940,49,11
941,42,8
942,47,14
943,39,4
944,46,6
945,44,2
946,48,10
947,39,1
948,50,13
949,42,4
950,49,11
951,42,1
952,36,0
953,39,3
954,47,10
955,34,1
956,49,8
957,37,1
958,47,7
959,45,7
960,40,2
961,51,13
962,50,12
963,44,7
964,46,12
965,45,6
966,50,11
967,56,14
968,46,6
969,39,5
970,38,3
971,41,7
972,49,11
973,37,3
974,45,8
975,45,9
976,34,2
977,45,6
978,54,13
979,42,3
980,39,6
981,47,8
982,46,10
983,50,12
984,54,15
985,38,1
986,51,9
987,43,5
988,45,6
989,40,1
990,48,10
991,43,7
992,39,5
993,42,4
994,39,7
995,49,7
996,40,3
997,47,4
998,47,10
999,39,0
1000,42,4
