NUM,ATBAT,SCORE
1,41,2
2,47,10
3,46,8
4,40,2
5,41,3
6,49,10
7,41,2
8,39,1
9,45,6
10,38,4
11,52,8
12,37,4
13,38,2
14,37,0
15,50,5
16,42,7
17,44,5
18,43,8
19,46,3
20,46,6
21,40,2
22,42,6
23,54,16
24,44,5
25,43,5
26,40,5
27,36,1
28,42,8
29,41,4
30,38,2
31,40,6
32,53,10
33,41,2
34,35,1
35,44,5
36,42,6
37,49,8
38,43,4
39,42,6
40,47,3
41,45,9
42,45,6
43,38,4
44,45,8
45,37,3
46,37,4
47,42,4
48,49,7
49,36,6
50,39,4
51,37,2
52,41,5
53,43,6
54,41,6
55,41,2
56,35,1
57,46,5
58,47,6
59,41,5
60,41,5
61,42,5
62,41,3
63,35,0
64,37,2
65,49,9
66,39,5
67,51,10
68,44,6
69,37,1
70,48,10
71,51,11
72,42,6
73,46,5
74,43,10
75,44,9
76,51,5
77,40,5
78,46,7
79,46,5
80,41,5
81,34,3
82,60,18
83,46,9
84,38,3
85,34,3
86,40,1
87,45,10
88,50,11
89,42,5
90,40,3
91,45,6
92,37,2
93,40,5
94,43,3
95,44,3
96,40,3
97,41,5
98,45,7
99,44,7
100,46,9
101,38,0
102,45,7
103,44,6
104,41,10
105,36,0
106,42,4
107,41,3
108,47,9
109,41,7
110,44,7
111,50,9
112,40,3
113,36,0
114,49,7
115,40,2
116,38,2
117,43,8
118,45,9
119,38,4
120,43,5
121,40,1
122,46,7
123,46,7
124,39,6
125,41,5
126,50,12
127,43,7
128,43,5
129,43,5
130,36,1
131,46,5
132,40,4
133,45,7
134,43,4
135,44,6
136,45,7
137,40,2
138,51,13
139,39,2
140,39,3
141,43,4
142,39,1
143,41,5
144,40,3
145,53,14
146,52,9
147,36,5
148,36,2
149,52,12
150,39,3
151,41,1
152,53,14
153,44,4
154,44,2
155,46,5
156,54,14
157,43,3
158,41,3
159,44,7
160,37,0
161,38,1
162,54,14
163,42,5
164,34,3
165,48,7
166,37,4
167,38,2
168,41,5
169,41,4
170,43,7
171,45,6
172,47,8
173,34,2
174,45,4
175,42,6
176,40,3
177,49,6
178,35,0
179,41,4
180,41,4
181,54,12
182,45,6
183,33,1
184,39,0
185,47,4
186,44,5
187,49,5
188,45,10
189,41,1
190,43,8
191,42,3
192,49,9
193,39,2
194,41,2
195,42,3
196,43,7
197,38,1
198,36,2
199,40,5
200,43,4
201,45,6
202,45,9
203,46,6
204,47,6
205,41,7
206,44,7
207,52,10
208,44,8
209,40,6
210,48,16
211,49,8
212,52,18
213,44,5
214,40,2
215,44,9
216,54,16
217,45,3
218,45,11
219,54,14
220,44,7
221,45,6
222,44,9
223,51,5
224,49,10
225,44,6
226,45,3
227,44,2
228,45,9
229,41,2
230,39,5
231,42,3
232,45,3
233,42,3
234,42,6
235,37,0
236,45,13
237,44,3
238,47,9
239,52,10
240,42,6
241,48,14
242,38,4
243,40,4
244,42,4
245,54,13
246,42,5
247,38,1
248,44,5
249,53,16
250,39,2
251,44,2
252,44,5
253,43,8
254,37,3
255,42,2
256,48,8
257,34,1
258,41,9
259,47,7
260,40,4
261,39,3
262,50,6
263,37,1
264,50,13
265,41,6
266,44,8
267,39,4
268,37,0
269,53,12
270,38,7
271,36,0
272,43,4
273,38,3
274,47,9
275,35,1
276,40,3
277,41,2
278,43,5
279,37,3
280,41,4
281,46,8
282,49,9
283,54,14
284,46,5
285,42,4
286,44,6
287,40,6
288,48,10
289,48,4
290,47,8
291,43,4
292,42,5
293,40,4
294,41,3
295,47,9
296,40,4
297,44,7
298,41,5
299,44,7
300,58,21
301,39,4
302,45,8
303,41,4
304,44,4
305,40,1
306,39,4
307,47,4
308,43,8
309,49,9
310,35,1
311,42,2
312,39,5
313,48,6
314,40,6
315,39,2
316,42,4
317,39,6
318,41,7
319,41,8
320,52,8
321,50,7
322,42,4
323,47,6
324,40,6
325,42,6
326,48,8
327,44,8
328,48,7
329,38,5
330,44,5
331,39,4
332,52,12
333,46,6
334,34,2
335,44,5
336,48,8
337,38,3
338,44,3
339,42,2
340,44,3
341,39,4
342,40,4
343,40,2
344,52,10
345,39,2
346,41,4
347,36,2
348,46,6
349,43,3
350,39,7
351,39,1
352,48,8
353,48,9
354,45,4
355,48,6
356,44,7
357,41,5
358,49,8
359,40,1
360,50,9
361,37,0
362,47,7
363,47,10
364,42,2
365,37,2
366,43,9
367,45,12
368,44,5
369,48,9
370,48,8
371,42,4
372,42,1
373,38,1
374,39,0
375,37,1
376,46,10
377,42,2
378,42,6
379,45,9
380,46,9
381,41,3
382,42,4
383,40,5
384,43,6
385,42,4
386,42,6
387,50,5
388,44,4
389,46,9
390,44,5
391,45,6
392,41,6
393,44,5
394,39,1
395,43,5
396,34,3
397,39,0
398,40,5
399,50,8
400,40,4
401,47,5
402,41,2
403,39,2
404,40,2
405,49,9
406,40,4
407,45,4
408,42,6
409,50,10
410,37,1
411,37,2
412,34,0
413,39,5
414,40,0
415,47,6
416,37,2
417,39,2
418,37,1
419,38,3
420,46,6
421,39,6
422,50,14
423,42,5
424,38,5
425,45,6
426,37,3
427,43,3
428,46,6
429,45,5
430,41,8
431,48,9
432,50,10
433,52,10
434,41,6
435,51,10
436,34,1
437,45,6
438,46,11
439,51,13
440,45,6
441,40,3
442,37,2
443,41,6
444,43,9
445,49,9
446,38,5
447,38,2
448,45,5
449,48,7
450,41,10
451,40,3
452,38,3
453,47,8
454,37,1
455,52,11
456,49,11
457,40,3
458,47,4
459,39,3
460,49,9
461,36,2
462,44,6
463,40,5
464,43,6
465,44,5
466,41,1
467,37,0
468,47,10
469,42,3
470,40,3
471,48,9
472,45,3
473,42,4
474,41,5
475,36,2
476,42,5
477,45,10
478,44,4
479,35,0
480,46,11
481,42,4
482,38,2
483,40,2
484,44,3
485,43,7
486,38,1
487,43,6
488,37,2
489,42,4
490,44,6
491,40,6
492,42,5
493,42,6
494,39,3
495,36,2
496,44,7
497,39,2
498,42,3
499,39,3
500,42,3
501,50,8
502,37,2
503,44,6
504,44,4
505,48,8
506,42,4
507,44,6
508,46,8
509,39,8
510,47,10
511,40,2
512,43,8
513,51,12
514,35,1
515,50,13
516,38,3
517,45,8
518,39,8
519,42,4
520,42,5
521,36,5
522,57,16
523,39,1
524,38,2
525,44,9
526,40,2
527,43,6
528,36,0
529,45,11
530,43,6
531,37,0
532,40,3
533,40,2
534,43,4
535,41,4
536,46,4
537,41,4
538,39,2
539,42,2
540,49,8
541,49,7
542,46,9
543,39,3
544,48,6
545,48,9
546,41,3
547,46,8
548,44,2
549,38,1
550,36,3
551,41,3
552,45,7
553,43,2
554,50,15
555,43,6
556,47,7
557,38,8
558,36,0
559,39,1
560,48,13
561,45,5
562,41,7
563,42,8
564,41,3
565,48,12
566,41,1
567,50,7
568,46,8
569,41,5
570,37,0
571,39,2
572,41,4
573,37,3
574,53,9
575,43,5
576,43,6
577,45,3
578,48,12
579,45,8
580,45,8
581,35,1
582,41,3
583,51,12
584,39,2
585,45,6
586,46,7
587,39,5
588,47,5
589,52,4
590,41,4
591,41,3
592,41,3
593,41,3
594,48,9
595,46,11
596,44,5
597,37,0
598,40,3
599,38,4
600,38,3
601,39,2
602,42,0
603,46,7
604,40,5
605,42,4
606,33,0
607,43,8
608,43,8
609,45,3
610,39,7
611,45,9
612,34,2
613,37,1
614,47,9
615,49,11
616,37,3
617,45,9
618,40,5
619,43,4
620,42,4
621,53,15
622,56,14
623,43,5
624,45,8
625,45,7
626,38,5
627,42,7
628,37,1
629,40,6
630,48,9
631,44,8
632,44,7
633,42,4
634,43,4
635,43,6
636,44,8
637,43,3
638,41,6
639,46,8
640,38,1
641,36,1
642,63,25
643,40,6
644,38,1
645,46,5
646,50,11
647,45,5
648,37,6
649,38,1
650,38,4
651,45,4
652,44,7
653,43,6
654,45,6
655,38,3
656,43,4
657,42,9
658,43,4
659,38,4
660,45,9
661,46,6
662,41,4
663,47,10
664,41,4
665,38,2
666,35,1
667,38,4
668,35,2
669,42,4
670,39,1
671,34,3
672,48,8
673,48,10
674,46,8
675,54,15
676,54,12
677,37,3
678,43,4
679,44,4
680,41,6
681,47,7
682,45,7
683,43,7
684,41,1
685,40,2
686,39,3
687,42,4
688,45,4
689,48,4
690,43,4
691,44,8
692,47,5
693,39,3
694,37,3
695,40,4
696,42,3
697,43,6
698,43,5
699,47,10
700,47,6
701,49,7
702,43,6
703,38,4
704,41,6
705,56,14
706,36,1
707,42,2
708,35,1
709,46,8
710,47,8
711,32,0
712,47,10
713,47,6
714,38,2
715,36,0
716,42,4
717,40,1
718,35,2
719,38,2
720,48,14
721,42,3
722,47,4
723,46,10
724,46,7
725,42,5
726,48,9
727,39,5
728,34,1
729,40,1
730,43,6
731,48,2
732,43,4
733,44,7
734,43,12
735,49,11
736,40,3
737,43,7
738,40,2
739,42,2
740,43,5
741,45,7
742,38,2
743,45,6
744,51,13
745,40,2
746,45,9
747,41,7
748,45,7
749,53,12
750,35,1
751,53,11
752,38,3
753,37,2
754,38,2
755,43,5
756,45,4
757,41,3
758,45,7
759,44,5
760,37,3
761,39,4
762,37,1
763,42,4
764,37,2
765,42,1
766,41,3
767,44,5
768,38,3
769,53,10
770,38,4
771,49,7
772,44,3
773,44,8
774,41,4
775,47,5
776,44,6
777,43,4
778,42,3
779,47,10
780,40,4
781,36,2
782,42,6
783,54,5
784,37,2
785,40,1
786,39,2
787,34,0
788,37,4
789,38,5
790,37,3
791,47,7
792,50,12
793,36,0
794,45,10
795,44,7
796,42,6
797,38,1
798,41,5
799,39,5
800,42,5
801,38,3
802,42,8
803,41,8
804,43,5
805,51,13
806,42,2
807,40,4
808,40,4
809,48,9
810,51,10
811,48,7
812,39,2
813,35,2
814,43,5
815,42,8
816,42,3
817,49,4
818,40,6
819,41,4
820,45,5
821,42,2
822,44,7
823,45,10
824,48,7
825,40,1
826,36,2
827,37,5
828,42,4
829,40,2
830,39,2
831,36,1
832,38,2
833,37,3
834,43,7
835,47,9
836,55,12
837,35,3
838,36,2
839,34,2
840,52,4
841,36,3
842,41,6
843,40,2
844,42,6
845,43,5
846,44,10
847,43,7
848,43,4
849,48,10
850,44,5
851,44,4
852,46,4
853,39,5
854,35,2
855,36,3
856,57,16
857,41,6
858,36,0
859,45,7
860,41,7
861,45,3
862,39,2
863,42,4
864,47,8
865,41,4
866,39,2
867,48,7
868,44,6
869,43,3
870,38,3
871,39,3
872,36,3
873,43,8
874,39,4
875,39,5
876,45,7
877,40,4
878,49,8
879,41,3
880,50,8
881,47,8
882,35,3
883,46,6
884,42,4
885,47,6
886,45,6
887,53,13
888,39,6
889,34,0
890,39,4
891,48,3
892,37,4
893,40,3
894,44,7
895,42,5
896,46,4
897,39,4
898,49,9
899,46,6
900,41,3
901,45,6
902,43,9
903,39,4
904,47,10
905,46,6
906,46,6
907,48,9
908,43,6
909,34,1
910,43,5
911,43,6
912,36,4
913,42,3
914,44,7
915,40,3
916,42,4
917,43,4
918,32,1
919,49,10
920,46,5
921,41,7
922,45,8
923,41,4
924,38,2
925,44,2
926,34,3
927,43,4
928,53,15
929,37,3
930,37,4
931,42,2
932,42,7
933,41,8
934,40,4
935,41,7
936,36,0
937,51,13
938,39,6
939,37,0
940,45,9
941,46,5
942,45,6
943,48,6
944,37,1
945,42,1
946,46,10
947,40,2
948,43,4
949,43,8
950,49,5
951,55,15
952,43,8
953,36,2
954,44,7
955,35,3
956,38,2
957,42,6
958,42,6
959,42,4
960,60,24
961,55,16
962,42,2
963,41,4
964,35,0
965,37,3
966,40,4
967,37,1
968,43,5
969,48,7
970,43,5
971,39,3
972,45,7
973,43,4
974,41,6
975,45,6
976,39,4
977,47,9
978,44,7
979,50,10
980,39,1
981,46,11
982,41,2
983,51,14
984,49,11
985,43,3
986,51,12
987,40,6
988,51,10
989,42,4
990,40,0
991,39,4
992,41,2
993,45,2
994,54,14
995,43,10
996,45,6
997,53,13
998,42,5
999,42,4
1000,42,8
