NUM,ATBAT,SCORE
1,39,4
2,43,5
3,46,8
4,44,7
5,42,4
6,46,7
7,40,3
8,40,3
9,45,9
10,43,3
11,36,3
12,38,4
13,37,4
14,45,5
15,45,5
16,47,10
17,41,3
18,40,4
19,40,4
20,53,11
21,53,16
22,35,5
23,42,11
24,42,9
25,47,15
26,37,5
27,46,15
28,40,7
29,44,8
30,56,16
31,44,3
32,43,7
33,42,4
34,45,4
35,41,5
36,39,3
37,44,3
38,35,3
39,43,8
40,33,3
41,42,6
42,39,6
43,51,13
44,41,4
45,47,11
46,44,7
47,42,6
48,45,6
49,39,3
50,43,9
51,41,4
52,39,7
53,51,9
54,43,6
55,44,3
56,45,3
57,38,3
58,43,6
59,41,5
60,49,14
61,45,7
62,48,9
63,42,5
64,42,6
65,41,4
66,38,5
67,35,1
68,34,1
69,45,9
70,44,6
71,41,5
72,44,14
73,39,4
74,53,14
75,48,7
76,48,14
77,46,9
78,35,1
79,43,8
80,46,9
81,43,5
82,41,10
83,45,9
84,48,7
85,37,4
86,38,4
87,43,10
88,47,8
89,52,16
90,44,8
91,38,5
92,45,9
93,34,3
94,39,5
95,41,5
96,42,8
97,41,3
98,41,4
99,44,6
100,41,4
101,46,10
102,41,4
103,46,10
104,39,6
105,44,7
106,38,2
107,49,14
108,44,6
109,38,4
110,37,3
111,38,4
112,46,11
113,44,5
114,45,6
115,45,10
116,39,7
117,44,5
118,37,0
119,51,12
120,43,7
121,34,1
122,39,7
123,36,2
124,50,9
125,39,1
126,31,0
127,43,8
128,36,2
129,39,4
130,47,11
131,49,9
132,41,9
133,44,8
134,46,10
135,40,4
136,48,14
137,47,7
138,38,5
139,46,7
140,38,6
141,39,5
142,48,13
143,44,7
144,37,7
145,42,5
146,46,9
147,43,4
148,40,5
149,44,8
150,42,8
151,37,4
152,44,10
153,47,8
154,46,11
155,38,4
156,45,8
157,41,5
158,42,6
159,37,6
160,54,16
161,31,0
162,37,2
163,45,9
164,37,5
165,40,5
166,48,11
167,45,4
168,52,12
169,47,12
170,44,8
171,42,6
172,48,7
173,45,6
174,38,6
175,43,6
176,34,0
177,36,4
178,58,21
179,44,7
180,38,4
181,57,14
182,40,3
183,40,5
184,43,7
185,46,6
186,43,7
187,45,5
188,39,4
189,40,4
190,40,7
191,44,12
192,38,5
193,51,15
194,37,2
195,46,9
196,43,5
197,43,2
198,39,2
199,38,5
200,51,13
201,37,1
202,38,7
203,40,2
204,43,3
205,40,3
206,47,13
207,47,8
208,39,6
209,44,5
210,39,3
211,47,7
212,47,10
213,37,4
214,39,3
215,42,5
216,44,7
217,45,8
218,50,11
219,43,9
220,39,4
221,35,0
222,37,2
223,45,4
224,41,3
225,48,12
226,54,14
227,47,8
228,46,4
229,46,14
230,36,2
231,35,1
232,43,7
233,51,11
234,41,4
235,48,7
236,36,5
237,39,6
238,39,4
239,41,2
240,46,10
241,42,5
242,37,4
243,38,4
244,41,6
245,33,1
246,34,3
247,47,8
248,49,13
249,40,4
250,36,2
251,52,11
252,50,12
253,41,2
254,40,6
255,41,7
256,49,13
257,51,9
258,37,4
259,43,6
260,36,2
261,39,3
262,39,5
263,33,3
264,47,11
265,40,7
266,39,9
267,45,9
268,50,9
269,46,8
270,49,19
271,39,6
272,44,5
273,41,10
274,39,6
275,39,4
276,45,4
277,43,8
278,42,9
279,43,8
280,47,10
281,47,17
282,37,1
283,42,5
284,45,9
285,40,3
286,35,5
287,46,10
288,38,5
289,47,11
290,50,7
291,43,9
292,41,7
293,48,9
294,36,0
295,42,6
296,37,3
297,41,7
298,43,6
299,42,11
300,42,10
301,36,3
302,43,8
303,40,3
304,37,4
305,49,11
306,36,5
307,42,8
308,46,5
309,36,5
310,41,7
311,40,4
312,38,3
313,47,6
314,42,6
315,35,4
316,44,7
317,42,8
318,48,12
319,45,8
320,39,6
321,38,5
322,45,8
323,29,1
324,45,11
325,40,1
326,52,13
327,44,7
328,40,8
329,42,4
330,45,6
331,50,11
332,35,1
333,35,4
334,44,12
335,38,4
336,52,8
337,41,9
338,39,5
339,55,20
340,42,7
341,44,11
342,41,6
343,37,2
344,43,5
345,46,8
346,42,7
347,42,6
348,47,5
349,44,7
350,44,7
351,40,7
352,42,6
353,38,4
354,48,11
355,44,6
356,46,7
357,44,6
358,38,3
359,33,0
360,39,6
361,47,12
362,53,17
363,45,8
364,33,2
365,38,4
366,46,10
367,40,7
368,45,7
369,45,7
370,48,13
371,38,3
372,39,1
373,48,10
374,35,4
375,46,10
376,39,1
377,38,2
378,46,6
379,38,2
380,47,15
381,42,1
382,42,5
383,53,14
384,42,6
385,46,8
386,46,8
387,42,6
388,47,12
389,39,4
390,42,7
391,44,7
392,41,6
393,44,8
394,40,8
395,45,5
396,36,2
397,42,7
398,48,7
399,50,17
400,43,6
401,36,4
402,42,7
403,39,0
404,41,6
405,45,6
406,41,4
407,38,7
408,45,11
409,40,7
410,45,6
411,47,8
412,42,6
413,44,6
414,44,8
415,42,8
416,49,16
417,36,3
418,44,6
419,45,6
420,37,7
421,39,3
422,40,6
423,44,7
424,42,8
425,44,7
426,41,6
427,44,7
428,50,16
429,36,0
430,44,5
431,50,9
432,45,12
433,47,11
434,45,7
435,38,3
436,43,7
437,46,9
438,43,7
439,35,3
440,40,4
441,42,9
442,39,4
443,51,7
444,47,11
445,35,2
446,44,5
447,42,3
448,44,7
449,42,10
450,44,6
451,45,9
452,36,2
453,41,5
454,42,6
455,35,2
456,46,9
457,47,8
458,40,4
459,42,7
460,45,9
461,36,3
462,42,5
463,35,2
464,45,9
465,36,2
466,41,4
467,40,6
468,40,2
469,40,3
470,40,4
471,37,8
472,41,6
473,41,5
474,45,11
475,34,2
476,48,9
477,53,13
478,46,8
479,35,2
480,34,0
481,46,6
482,41,7
483,53,10
484,37,2
485,44,7
486,37,1
487,48,15
488,38,6
489,41,5
490,48,11
491,44,9
492,40,2
493,35,2
494,44,5
495,43,7
496,43,8
497,41,6
498,51,12
499,49,11
500,37,5
501,39,4
502,38,4
503,37,3
504,47,7
505,45,6
506,34,2
507,53,17
508,36,2
509,45,8
510,40,5
511,42,9
512,46,7
513,44,8
514,48,6
515,45,13
516,47,10
517,43,5
518,43,4
519,43,7
520,42,6
521,39,6
522,51,7
523,39,6
524,41,3
525,40,4
526,52,14
527,44,7
528,44,11
529,38,4
530,57,14
531,39,4
532,50,14
533,38,3
534,34,3
535,48,10
536,46,4
537,33,2
538,40,7
539,38,0
540,40,2
541,47,8
542,37,5
543,45,6
544,44,13
545,38,2
546,45,10
547,47,8
548,37,3
549,50,9
550,42,6
551,38,3
552,50,11
553,39,6
554,39,5
555,40,5
556,42,4
557,42,2
558,39,0
559,41,7
560,40,8
561,45,10
562,42,7
563,48,13
564,46,7
565,38,10
566,44,10
567,39,4
568,43,4
569,36,4
570,48,8
571,54,19
572,50,8
573,38,0
574,40,5
575,42,10
576,35,1
577,44,7
578,50,9
579,42,9
580,40,4
581,45,6
582,41,7
583,39,4
584,41,8
585,38,1
586,42,6
587,46,7
588,43,6
589,38,1
590,34,1
591,36,4
592,37,1
593,44,5
594,49,13
595,47,9
596,38,2
597,38,2
598,40,4
599,41,9
600,39,4
601,37,2
602,44,5
603,47,8
604,39,3
605,41,8
606,40,4
607,59,22
608,50,5
609,44,6
610,46,9
611,44,6
612,42,5
613,39,3
614,47,10
615,48,15
616,43,5
617,40,4
618,40,4
619,44,6
620,47,10
621,44,5
622,44,7
623,44,4
624,55,14
625,42,6
626,39,6
627,35,3
628,45,7
629,44,6
630,46,6
631,44,6
632,38,6
633,37,1
634,46,12
635,42,8
636,44,7
637,40,6
638,42,8
639,44,8
640,42,6
641,42,7
642,39,7
643,40,3
644,38,4
645,48,12
646,48,7
647,41,9
648,37,3
649,53,17
650,50,15
651,38,2
652,39,3
653,48,12
654,45,4
655,41,1
656,49,8
657,46,8
658,42,7
659,40,3
660,47,12
661,46,11
662,35,4
663,52,14
664,43,11
665,39,5
666,39,2
667,42,6
668,45,9
669,42,3
670,41,6
671,55,17
672,45,6
673,42,3
674,51,11
675,43,8
676,35,2
677,45,8
678,44,6
679,48,10
680,37,3
681,48,16
682,56,19
683,46,11
684,43,3
685,36,0
686,40,5
687,45,5
688,36,0
689,39,5
690,50,14
691,49,11
692,49,13
693,41,7
694,38,3
695,41,3
696,42,6
697,36,5
698,42,4
699,40,6
700,39,5
701,42,7
702,50,9
703,39,4
704,47,10
705,35,1
706,37,5
707,45,5
708,42,4
709,47,6
710,41,4
711,42,10
712,49,13
713,46,7
714,41,7
715,43,5
716,46,6
717,40,5
718,45,7
719,42,8
720,37,3
721,36,2
722,41,4
723,42,9
724,43,7
725,39,3
726,48,14
727,40,3
728,41,5
729,39,7
730,36,2
731,40,5
732,43,6
733,37,5
734,47,14
735,42,4
736,43,4
737,30,0
738,31,0
739,46,12
740,38,1
741,38,5
742,42,10
743,48,8
744,42,5
745,43,6
746,36,4
747,39,3
748,46,13
749,46,11
750,43,5
751,41,6
752,51,12
753,38,0
754,46,8
755,41,5
756,46,14
757,42,8
758,39,5
759,41,6
760,44,6
761,36,4
762,43,7
763,39,1
764,46,13
765,49,13
766,41,6
767,50,15
768,36,3
769,44,7
770,32,1
771,49,9
772,43,3
773,44,10
774,36,1
775,48,9
776,40,4
777,34,0
778,46,9
779,43,6
780,44,8
781,43,8
782,40,6
783,37,1
784,35,6
785,45,9
786,40,7
787,48,10
788,43,5
789,35,1
790,39,8
791,36,5
792,45,8
793,43,3
794,38,1
795,50,14
796,48,6
797,44,3
798,52,11
799,41,8
800,54,14
801,41,6
802,45,5
803,51,10
804,46,8
805,41,4
806,43,4
807,43,8
808,37,4
809,40,4
810,40,3
811,52,8
812,41,2
813,40,6
814,39,4
815,49,9
816,37,5
817,37,2
818,40,1
819,38,3
820,42,3
821,37,4
822,42,8
823,47,11
824,37,5
825,37,3
826,31,1
827,41,5
828,50,9
829,41,4
830,38,0
831,37,3
832,47,4
833,46,12
834,38,2
835,54,20
836,45,4
837,45,9
838,38,4
839,41,4
840,40,5
841,49,9
842,39,3
843,41,3
844,39,3
845,42,8
846,47,7
847,46,9
848,44,8
849,41,8
850,40,5
851,40,5
852,39,7
853,36,2
854,42,8
855,39,6
856,37,3
857,46,7
858,40,2
859,47,11
860,38,4
861,39,3
862,44,3
863,39,5
864,46,9
865,43,6
866,38,2
867,40,4
868,44,3
869,36,5
870,44,7
871,50,14
872,42,5
873,51,16
874,46,5
875,40,4
876,42,7
877,39,6
878,40,7
879,47,9
880,47,11
881,41,2
882,40,4
883,44,3
884,52,15
885,44,9
886,47,15
887,42,3
888,41,3
889,40,7
890,47,14
891,53,18
892,49,11
893,37,5
894,35,2
895,38,0
896,41,5
897,40,1
898,43,4
899,41,3
900,36,6
901,47,8
902,45,9
903,43,5
904,51,13
905,40,5
906,48,8
907,42,6
908,36,1
909,45,7
910,38,5
911,39,5
912,35,4
913,52,22
914,45,8
915,50,8
916,47,11
917,52,11
918,46,12
919,49,8
920,43,6
921,37,4
922,40,5
923,44,5
924,44,9
925,48,9
926,52,17
927,39,8
928,40,7
929,42,7
930,42,6
931,38,7
932,44,6
933,46,8
934,43,7
935,57,17
936,32,2
937,40,2
938,43,11
939,48,15
940,57,15
941,42,5
942,41,7
943,36,0
944,46,6
945,43,6
946,37,2
947,38,3
948,37,1
949,40,2
950,37,4
951,39,6
952,39,2
953,45,9
954,44,7
955,50,16
956,40,3
957,56,17
958,45,6
959,53,12
960,48,8
961,43,8
962,38,4
963,48,14
964,41,6
965,41,6
966,50,12
967,43,12
968,41,4
969,38,2
970,37,2
971,36,0
972,46,6
973,45,4
974,42,9
975,43,5
976,40,5
977,36,2
978,41,6
979,47,8
980,42,4
981,34,3
982,44,4
983,44,6
984,46,9
985,42,5
986,35,3
987,36,1
988,53,13
989,36,1
990,35,0
991,41,7
992,39,5
993,38,4
994,34,0
995,41,4
996,43,6
997,38,2
998,57,16
999,53,11
1000,47,8
