NUM,ATBAT,SCORE
1,45,6
2,52,12
3,43,2
4,53,6
5,46,5
6,50,12
7,40,3
8,55,15
9,52,15
10,49,5
11,45,10
12,43,6
13,45,7
14,43,3
15,45,7
16,49,10
17,58,18
18,41,5
19,48,11
20,48,8
21,39,3
22,40,4
23,44,7
24,52,15
25,47,7
26,44,5
27,44,6
28,41,1
29,46,5
30,50,11
31,47,12
32,44,5
33,40,2
34,37,1
35,58,14
36,49,11
37,46,10
38,41,6
39,42,2
40,43,8
41,48,7
42,46,7
43,45,8
44,51,8
45,59,19
46,39,2
47,49,5
48,45,7
49,38,3
50,37,3
51,50,10
52,52,9
53,51,8
54,39,2
55,55,13
56,41,2
57,49,3
58,52,5
59,57,13
60,49,10
61,47,5
62,45,7
63,53,13
64,43,4
65,38,1
66,54,11
67,56,19
68,41,3
69,40,4
70,47,5
71,52,10
72,43,3
73,47,3
74,42,4
75,51,13
76,43,4
77,53,14
78,45,5
79,42,2
80,59,18
81,46,8
82,57,16
83,40,3
84,52,15
85,51,7
86,51,6
87,44,7
88,49,9
89,44,3
90,41,4
91,40,3
92,46,7
93,42,2
94,47,11
95,54,16
96,43,5
97,46,7
98,45,6
99,44,4
100,44,7
101,50,10
102,54,13
103,39,4
104,45,10
105,45,4
106,54,13
107,42,4
108,39,3
109,43,3
110,39,4
111,49,11
112,49,6
113,45,5
114,47,7
115,50,8
116,45,7
117,53,12
118,44,6
119,47,7
120,41,1
121,41,3
122,52,12
123,43,3
124,45,7
125,45,5
126,36,4
127,53,14
128,37,5
129,47,6
130,35,2
131,51,14
132,46,10
133,49,8
134,39,3
135,40,4
136,41,4
137,52,10
138,45,4
139,45,5
140,47,7
141,37,1
142,46,4
143,60,19
144,41,2
145,53,11
146,44,8
147,45,6
148,41,2
149,42,5
150,38,2
151,46,3
152,38,2
153,43,4
154,44,6
155,50,8
156,48,8
157,46,6
158,41,5
159,42,2
160,54,13
161,48,8
162,43,8
163,46,5
164,39,1
165,41,5
166,60,15
167,39,5
168,41,1
169,47,11
170,55,12
171,56,17
172,51,13
173,51,8
174,50,8
175,42,4
176,47,4
177,53,12
178,50,5
179,48,6
180,43,7
181,39,2
182,50,8
183,56,13
184,46,4
185,41,6
186,51,10
187,45,8
188,50,9
189,53,12
190,50,15
191,53,16
192,46,8
193,49,8
194,50,4
195,36,0
196,43,5
197,39,2
198,38,5
199,49,8
200,41,3
201,41,4
202,45,4
203,42,6
204,37,1
205,52,13
206,43,2
207,51,10
208,51,9
209,47,8
210,50,15
211,47,8
212,44,4
213,37,0
214,46,10
215,43,5
216,47,11
217,46,7
218,45,3
219,46,6
220,45,7
221,49,8
222,45,5
223,43,5
224,54,9
225,39,2
226,40,0
227,52,14
228,50,12
229,46,10
230,51,12
231,46,7
232,53,14
233,44,2
234,53,16
235,37,1
236,43,7
237,44,5
238,44,6
239,41,4
240,54,14
241,39,1
242,49,7
243,45,11
244,40,2
245,45,6
246,39,1
247,45,5
248,47,6
249,41,3
250,46,10
251,48,9
252,55,13
253,36,3
254,38,4
255,56,16
256,46,9
257,44,3
258,47,6
259,50,7
260,43,6
261,41,5
262,48,9
263,49,5
264,42,8
265,48,9
266,45,6
267,54,14
268,41,2
269,48,12
270,37,0
271,49,7
272,55,13
273,46,10
274,57,16
275,46,5
276,42,4
277,45,6
278,57,16
279,46,6
280,40,1
281,37,3
282,53,11
283,42,5
284,47,9
285,49,7
286,56,16
287,53,11
288,44,2
289,50,9
290,51,12
291,49,9
292,44,5
293,49,8
294,38,2
295,41,3
296,42,7
297,36,3
298,49,9
299,47,5
300,50,9
301,51,8
302,39,1
303,41,0
304,43,6
305,45,7
306,44,2
307,47,6
308,46,7
309,44,7
310,40,4
311,45,5
312,51,8
313,50,8
314,50,12
315,45,8
316,37,1
317,42,1
318,44,4
319,41,4
320,54,9
321,47,5
322,42,1
323,40,4
324,35,0
325,39,4
326,42,7
327,41,5
328,44,2
329,47,8
330,39,2
331,44,5
332,42,7
333,40,4
334,51,7
335,35,1
336,45,6
337,45,6
338,51,14
339,48,10
340,40,5
341,46,6
342,42,5
343,43,5
344,39,1
345,43,3
346,38,3
347,49,8
348,42,6
349,41,4
350,55,10
351,47,5
352,41,2
353,49,9
354,37,2
355,48,7
356,51,11
357,51,12
358,37,1
359,37,2
360,47,5
361,43,7
362,37,0
363,47,7
364,47,6
365,50,11
366,50,8
367,52,9
368,54,11
369,54,17
370,52,11
371,42,4
372,50,8
373,46,7
374,38,4
375,38,3
376,49,10
377,45,6
378,42,8
379,41,4
380,46,9
381,39,5
382,46,6
383,44,4
384,47,8
385,43,5
386,56,16
387,42,1
388,42,3
389,36,1
390,45,9
391,41,2
392,38,0
393,49,10
394,46,7
395,50,8
396,52,12
397,46,10
398,38,3
399,47,6
400,58,17
401,42,2
402,37,2
403,40,3
404,48,11
405,62,19
406,44,5
407,43,5
408,34,1
409,52,11
410,53,10
411,41,6
412,47,6
413,44,5
414,46,8
415,53,7
416,52,12
417,54,11
418,46,4
419,37,0
420,48,9
421,45,4
422,44,7
423,45,11
424,36,4
425,36,1
426,59,14
427,36,2
428,45,3
429,61,18
430,50,8
431,59,18
432,36,0
433,46,7
434,42,4
435,58,18
436,42,2
437,44,7
438,39,3
439,38,1
440,42,5
441,44,3
442,44,6
443,46,9
444,43,7
445,44,6
446,45,6
447,54,9
448,44,6
449,42,2
450,43,6
451,50,7
452,53,11
453,50,11
454,48,7
455,54,16
456,40,1
457,43,9
458,38,3
459,37,6
460,50,8
461,53,16
462,59,17
463,47,10
464,38,2
465,58,13
466,45,9
467,44,7
468,55,12
469,46,4
470,48,5
471,41,3
472,38,0
473,44,5
474,43,7
475,65,20
476,39,2
477,41,3
478,50,8
479,45,7
480,49,11
481,40,5
482,44,9
483,44,4
484,42,1
485,40,4
486,55,15
487,40,1
488,54,10
489,41,6
490,42,4
491,39,4
492,63,22
493,45,8
494,32,1
495,42,6
496,54,14
497,53,11
498,48,5
499,53,10
500,50,9
501,45,7
502,44,6
503,62,16
504,49,6
505,41,3
506,45,7
507,56,14
508,37,0
509,41,3
510,38,4
511,40,2
512,42,4
513,44,0
514,56,16
515,45,7
516,42,4
517,45,5
518,58,17
519,43,3
520,47,7
521,47,7
522,43,4
523,47,7
524,44,5
525,50,9
526,47,5
527,40,4
528,43,2
529,41,5
530,55,17
531,37,2
532,46,4
533,45,10
534,48,9
535,41,5
536,46,12
537,46,9
538,54,16
539,44,9
540,43,3
541,40,0
542,50,7
543,43,3
544,43,4
545,43,7
546,43,6
547,46,5
548,52,13
549,46,5
550,41,4
551,42,2
552,44,9
553,42,2
554,50,7
555,54,11
556,49,7
557,42,4
558,50,7
559,52,9
560,47,8
561,42,4
562,37,0
563,41,5
564,40,2
565,42,5
566,40,2
567,50,13
568,46,5
569,39,2
570,49,8
571,40,3
572,37,2
573,45,7
574,48,7
575,47,8
576,44,4
577,45,4
578,54,8
579,34,1
580,48,9
581,48,7
582,52,10
583,50,10
584,44,7
585,46,5
586,45,6
587,53,13
588,49,9
589,48,7
590,48,6
591,52,11
592,49,9
593,44,6
594,45,4
595,42,5
596,56,18
597,39,3
598,40,3
599,44,2
600,42,7
601,44,6
602,42,1
603,52,13
604,42,3
605,44,6
606,47,9
607,42,6
608,42,5
609,49,10
610,41,3
611,47,8
612,44,2
613,45,11
614,36,1
615,44,3
616,42,7
617,46,8
618,42,2
619,37,4
620,57,14
621,56,16
622,37,2
623,48,6
624,52,13
625,41,2
626,44,3
627,49,9
628,44,5
629,44,3
630,42,5
631,39,5
632,51,9
633,46,9
634,43,4
635,43,6
636,52,12
637,59,16
638,48,4
639,43,4
640,46,8
641,42,1
642,48,9
643,53,13
644,53,10
645,52,11
646,50,12
647,43,3
648,48,7
649,45,5
650,54,11
651,50,9
652,48,8
653,45,6
654,43,7
655,47,6
656,50,14
657,39,4
658,52,14
659,42,2
660,45,4
661,44,2
662,39,2
663,39,2
664,51,11
665,49,10
666,39,1
667,41,3
668,46,8
669,45,11
670,47,7
671,41,1
672,45,5
673,37,0
674,43,6
675,45,7
676,43,3
677,40,4
678,44,4
679,43,7
680,46,4
681,54,10
682,61,19
683,44,5
684,54,12
685,43,5
686,49,10
687,48,9
688,48,9
689,40,6
690,45,4
691,42,2
692,47,6
693,44,5
694,36,0
695,48,8
696,47,8
697,41,2
698,45,5
699,45,7
700,42,5
701,40,1
702,50,9
703,52,9
704,51,5
705,44,5
706,46,8
707,47,11
708,55,15
709,46,10
710,46,9
711,57,16
712,48,9
713,36,0
714,47,8
715,46,6
716,58,18
717,48,10
718,57,12
719,41,4
720,48,11
721,53,9
722,38,5
723,46,3
724,41,7
725,43,4
726,45,4
727,42,3
728,40,7
729,48,8
730,45,7
731,63,18
732,44,5
733,49,8
734,41,2
735,42,6
736,47,8
737,49,7
738,43,5
739,46,8
740,52,8
741,43,2
742,35,1
743,37,2
744,46,5
745,53,15
746,55,17
747,51,14
748,39,0
749,44,6
750,51,12
751,44,5
752,37,3
753,40,4
754,54,14
755,45,5
756,43,2
757,52,13
758,46,6
759,39,4
760,47,6
761,47,4
762,36,2
763,50,13
764,34,0
765,37,3
766,43,6
767,47,8
768,48,13
769,47,7
770,42,1
771,50,8
772,48,6
773,49,10
774,52,9
775,47,6
776,50,7
777,42,5
778,49,6
779,41,3
780,49,8
781,45,6
782,50,12
783,42,3
784,50,9
785,38,4
786,43,4
787,40,5
788,56,13
789,42,2
790,44,6
791,57,16
792,42,2
793,48,4
794,42,3
795,52,9
796,52,11
797,45,5
798,60,17
799,48,9
800,45,4
801,43,3
802,41,3
803,47,7
804,44,1
805,52,13
806,49,7
807,41,3
808,44,7
809,35,0
810,44,7
811,42,4
812,45,6
813,49,6
814,41,3
815,49,8
816,45,5
817,43,8
818,54,14
819,49,9
820,50,12
821,42,4
822,40,1
823,61,18
824,47,7
825,40,5
826,40,3
827,48,3
828,47,10
829,42,3
830,49,5
831,42,4
832,47,7
833,46,4
834,47,7
835,40,2
836,44,6
837,43,9
838,56,13
839,42,4
840,53,14
841,44,7
842,41,4
843,47,5
844,45,6
845,59,18
846,51,10
847,41,1
848,37,2
849,46,9
850,55,14
851,34,0
852,50,11
853,47,6
854,43,1
855,37,1
856,42,2
857,49,8
858,47,7
859,44,7
860,46,8
861,39,2
862,46,6
863,49,7
864,57,15
865,48,10
866,59,15
867,47,4
868,45,5
869,63,19
870,40,4
871,41,6
872,46,5
873,46,5
874,46,6
875,50,6
876,44,7
877,43,6
878,42,2
879,53,11
880,52,10
881,47,7
882,43,7
883,51,7
884,41,6
885,46,7
886,43,4
887,45,4
888,38,3
889,43,5
890,41,4
891,43,7
892,60,19
893,47,8
894,48,5
895,41,3
896,47,10
897,54,10
898,47,9
899,49,6
900,41,4
901,42,9
902,45,8
903,40,5
904,36,1
905,38,2
906,38,4
907,55,15
908,36,1
909,49,7
910,44,7
911,42,6
912,43,4
913,48,10
914,37,1
915,51,10
916,37,3
917,64,18
918,44,7
919,45,7
920,43,6
921,54,8
922,47,7
923,50,10
924,42,3
925,48,11
926,48,10
927,51,12
928,46,7
929,37,2
930,39,4
931,46,3
932,45,9
933,45,9
934,35,1
935,45,7
936,33,1
937,43,8
938,46,9
939,50,6
940,45,6
941,46,4
942,42,5
943,47,4
944,38,4
945,45,6
946,38,3
947,52,12
948,49,8
949,43,5
950,51,9
951,52,10
952,44,5
953,43,3
954,47,5
955,34,1
956,38,2
957,46,7
958,49,8
959,40,2
960,51,14
961,40,6
962,49,8
963,43,7
964,42,5
965,37,0
966,48,8
967,41,5
968,45,3
969,50,8
970,40,2
971,46,8
972,47,8
973,42,2
974,43,4
975,48,8
976,51,9
977,46,7
978,43,1
979,43,6
980,49,8
981,40,3
982,47,11
983,45,4
984,46,8
985,40,1
986,43,11
987,44,5
988,46,6
989,55,11
990,59,17
991,47,8
992,51,11
993,37,1
994,42,6
995,36,0
996,52,9
997,42,5
998,41,3
999,40,1
1000,44,2
