NUM,ATBAT,SCORE
1,44,9
2,36,4
3,40,5
4,36,1
5,41,1
6,40,0
7,46,8
8,44,7
9,46,4
10,37,2
11,45,5
12,49,9
13,43,2
14,47,3
15,46,5
16,44,7
17,37,3
18,45,6
19,41,3
20,45,3
21,41,4
22,43,4
23,42,4
24,49,7
25,38,3
26,46,6
27,53,7
28,54,15
29,47,9
30,42,9
31,41,4
32,39,3
33,42,3
34,48,8
35,49,5
36,54,11
37,42,5
38,42,5
39,47,8
40,39,2
41,51,8
42,40,1
43,56,9
44,50,13
45,51,11
46,45,6
47,44,6
48,38,4
49,38,2
50,45,4
51,44,2
52,48,7
53,41,4
54,39,0
55,43,4
56,47,6
57,45,6
58,49,9
59,45,3
60,49,8
61,48,9
62,50,5
63,37,0
64,39,0
65,41,2
66,41,2
67,47,9
68,39,2
69,44,3
70,50,10
71,34,0
72,48,6
73,48,5
74,43,6
75,45,2
76,40,5
77,49,10
78,44,5
79,35,1
80,48,9
81,42,3
82,37,1
83,41,7
84,41,3
85,39,4
86,41,4
87,37,3
88,54,10
89,51,10
90,58,15
91,39,1
92,43,2
93,38,0
94,46,12
95,46,2
96,39,4
97,47,5
98,40,0
99,46,9
100,46,5
101,49,9
102,55,6
103,43,4
104,44,5
105,40,6
106,40,1
107,37,0
108,42,4
109,49,7
110,44,6
111,50,10
112,43,2
113,40,5
114,45,4
115,47,7
116,58,14
117,39,1
118,45,5
119,47,10
120,43,3
121,46,5
122,41,4
123,42,3
124,49,9
125,36,0
126,46,3
127,43,5
128,34,2
129,47,5
130,51,7
131,42,2
132,46,5
133,40,0
134,33,0
135,43,4
136,54,10
137,42,4
138,47,6
139,44,3
140,32,0
141,50,11
142,54,14
143,38,0
144,40,3
145,52,9
146,39,3
147,48,3
148,31,2
149,40,1
150,40,1
151,40,4
152,40,1
153,41,3
154,46,9
155,43,3
156,40,2
157,44,5
158,41,1
159,42,3
160,42,2
161,50,6
162,55,11
163,39,4
164,43,3
165,42,6
166,37,3
167,39,0
168,50,6
169,53,12
170,46,3
171,44,3
172,39,1
173,38,1
174,42,5
175,43,2
176,39,0
177,50,11
178,39,1
179,43,7
180,39,4
181,36,1
182,36,3
183,47,8
184,44,3
185,42,5
186,45,2
187,56,14
188,51,6
189,46,3
190,42,3
191,36,0
192,45,5
193,50,8
194,48,8
195,49,4
196,48,10
197,46,9
198,43,2
199,43,3
200,52,9
201,44,3
202,45,2
203,37,2
204,40,1
205,45,6
206,41,5
207,43,1
208,43,3
209,44,3
210,48,5
211,46,7
212,45,4
213,36,0
214,49,7
215,48,8
216,40,3
217,38,2
218,39,1
219,43,7
220,46,5
221,35,0
222,41,3
223,48,7
224,44,5
225,42,6
226,42,3
227,43,6
228,40,2
229,45,5
230,40,2
231,44,4
232,44,7
233,47,6
234,43,3
235,38,5
236,38,3
237,45,6
238,39,2
239,51,5
240,35,1
241,44,3
242,44,5
243,48,11
244,40,3
245,41,5
246,45,9
247,46,6
248,37,0
249,46,6
250,44,2
251,49,6
252,39,2
253,44,6
254,46,6
255,45,4
256,44,3
257,41,0
258,42,6
259,52,15
260,37,1
261,39,3
262,34,1
263,38,0
264,41,2
265,43,6
266,52,11
267,46,7
268,45,7
269,47,3
270,45,9
271,39,1
272,49,4
273,43,3
274,51,10
275,37,0
276,43,2
277,46,3
278,44,3
279,42,7
280,40,0
281,46,8
282,50,9
283,49,3
284,52,9
285,46,3
286,49,9
287,43,3
288,44,6
289,38,1
290,36,2
291,46,7
292,31,0
293,45,3
294,45,7
295,38,4
296,45,3
297,41,4
298,50,9
299,43,3
300,44,6
301,35,1
302,40,2
303,46,8
304,42,4
305,53,9
306,53,14
307,36,2
308,39,4
309,38,5
310,48,8
311,43,3
312,52,10
313,54,14
314,41,3
315,49,12
316,48,12
317,42,5
318,40,2
319,42,2
320,48,8
321,46,5
322,47,6
323,44,4
324,51,11
325,53,12
326,35,1
327,36,4
328,40,1
329,42,2
330,45,6
331,42,3
332,56,10
333,46,5
334,51,6
335,49,10
336,38,3
337,46,5
338,34,0
339,39,3
340,39,5
341,43,2
342,36,1
343,35,0
344,36,1
345,58,12
346,39,1
347,40,3
348,41,2
349,44,8
350,40,2
351,52,9
352,52,19
353,45,5
354,58,18
355,48,5
356,34,0
357,41,0
358,40,3
359,34,0
360,45,3
361,42,4
362,49,6
363,44,4
364,47,10
365,48,5
366,45,11
367,38,3
368,41,1
369,56,12
370,63,20
371,51,9
372,38,1
373,35,2
374,34,0
375,43,3
376,40,1
377,45,6
378,38,2
379,46,5
380,41,2
381,47,6
382,44,5
383,48,8
384,35,1
385,43,2
386,41,4
387,40,2
388,47,5
389,34,0
390,39,2
391,38,2
392,53,9
393,36,1
394,43,5
395,42,4
396,42,5
397,56,12
398,44,8
399,38,1
400,43,6
401,45,8
402,41,3
403,41,5
404,44,4
405,58,19
406,41,0
407,45,5
408,62,18
409,49,8
410,46,3
411,42,3
412,43,5
413,38,3
414,44,3
415,45,6
416,49,10
417,42,7
418,38,4
419,40,3
420,42,6
421,43,7
422,51,8
423,40,1
424,44,5
425,44,0
426,35,0
427,39,0
428,43,5
429,34,0
430,49,7
431,44,5
432,41,2
433,42,4
434,47,11
435,44,6
436,47,6
437,42,3
438,45,7
439,46,3
440,40,4
441,49,9
442,37,0
443,47,5
444,46,6
445,34,0
446,44,4
447,45,3
448,43,1
449,52,13
450,52,13
451,50,6
452,42,2
453,38,1
454,55,11
455,34,1
456,43,3
457,51,4
458,49,6
459,40,2
460,38,1
461,40,3
462,47,8
463,43,2
464,39,1
465,50,8
466,43,5
467,31,0
468,46,5
469,39,1
470,44,6
471,50,11
472,37,1
473,42,1
474,59,15
475,64,20
476,45,3
477,41,5
478,44,3
479,56,15
480,51,10
481,46,4
482,40,0
483,41,4
484,44,4
485,43,4
486,50,7
487,44,5
488,37,2
489,36,1
490,43,2
491,40,1
492,45,4
493,44,3
494,42,5
495,44,7
496,42,7
497,43,8
498,50,9
499,48,10
500,52,10
501,39,0
502,46,3
503,45,4
504,37,1
505,52,11
506,37,2
507,55,10
508,45,5
509,48,7
510,41,4
511,40,2
512,50,7
513,40,2
514,46,6
515,43,3
516,49,6
517,54,9
518,51,7
519,43,2
520,37,0
521,49,8
522,37,0
523,50,6
524,41,6
525,47,7
526,53,13
527,49,8
528,43,7
529,52,12
530,35,1
531,39,2
532,41,4
533,43,3
534,46,7
535,34,2
536,43,6
537,39,4
538,38,3
539,40,5
540,40,3
541,44,3
542,40,4
543,43,4
544,37,0
545,51,8
546,43,6
547,37,2
548,36,1
549,50,8
550,37,2
551,47,5
552,44,4
553,42,5
554,45,4
555,49,12
556,42,3
557,45,3
558,49,7
559,45,4
560,38,5
561,44,6
562,57,11
563,39,1
564,39,3
565,41,3
566,41,3
567,39,4
568,45,4
569,43,2
570,50,9
571,45,5
572,52,12
573,36,1
574,47,6
575,38,2
576,49,8
577,56,10
578,39,2
579,45,3
580,47,7
581,44,6
582,44,0
583,45,5
584,44,8
585,43,3
586,44,6
587,49,10
588,38,1
589,42,5
590,42,4
591,45,3
592,39,1
593,38,3
594,39,0
595,36,0
596,41,4
597,44,6
598,41,1
599,42,6
600,46,3
601,44,4
602,47,7
603,43,3
604,41,1
605,39,1
606,41,3
607,44,6
608,41,3
609,52,11
610,37,0
611,43,4
612,56,11
613,42,5
614,48,7
615,46,6
616,41,5
617,47,8
618,40,2
619,46,6
620,49,8
621,46,3
622,43,4
623,46,3
624,49,8
625,45,4
626,45,5
627,40,1
628,39,1
629,50,7
630,44,0
631,51,8
632,46,6
633,44,6
634,37,0
635,42,3
636,38,3
637,44,9
638,44,3
639,50,3
640,40,4
641,50,7
642,43,7
643,43,5
644,38,1
645,48,10
646,44,7
647,44,7
648,41,1
649,34,0
650,38,1
651,46,6
652,52,13
653,37,2
654,45,4
655,40,3
656,44,2
657,55,12
658,39,1
659,39,0
660,49,7
661,50,8
662,43,5
663,41,1
664,46,5
665,46,6
666,39,2
667,45,4
668,40,3
669,43,6
670,51,8
671,41,4
672,51,9
673,49,7
674,42,2
675,43,4
676,46,6
677,55,12
678,41,8
679,58,13
680,57,14
681,52,8
682,50,9
683,47,6
684,49,7
685,40,5
686,40,2
687,37,2
688,41,5
689,39,3
690,41,2
691,45,4
692,48,9
693,47,6
694,40,2
695,39,7
696,63,16
697,42,3
698,48,10
699,40,4
700,41,2
701,36,1
702,42,0
703,41,3
704,51,8
705,44,3
706,38,4
707,43,7
708,40,2
709,50,6
710,35,0
711,39,2
712,40,2
713,47,3
714,54,10
715,50,8
716,47,6
717,43,6
718,44,5
719,47,8
720,38,2
721,39,1
722,44,8
723,48,11
724,48,10
725,38,0
726,45,9
727,46,10
728,46,8
729,49,4
730,42,5
731,44,8
732,40,2
733,51,10
734,37,0
735,52,8
736,55,11
737,43,5
738,43,5
739,35,0
740,42,0
741,42,6
742,39,2
743,35,0
744,46,10
745,43,5
746,46,6
747,38,0
748,44,11
749,41,2
750,40,4
751,41,2
752,45,5
753,46,6
754,45,3
755,37,2
756,45,2
757,46,6
758,38,1
759,38,0
760,47,5
761,38,1
762,47,4
763,49,8
764,47,5
765,36,2
766,41,2
767,44,1
768,50,7
769,45,6
770,55,9
771,43,5
772,45,7
773,44,7
774,41,3
775,51,7
776,48,5
777,44,2
778,39,1
779,37,1
780,42,4
781,39,4
782,44,3
783,45,6
784,45,7
785,48,8
786,41,2
787,36,1
788,43,6
789,42,3
790,39,2
791,50,11
792,46,6
793,40,2
794,47,5
795,49,9
796,48,7
797,46,3
798,51,13
799,43,3
800,46,4
801,41,3
802,38,1
803,45,5
804,51,9
805,41,4
806,41,0
807,49,8
808,46,3
809,41,1
810,43,6
811,39,3
812,47,8
813,40,0
814,48,3
815,50,11
816,38,3
817,40,7
818,41,1
819,52,8
820,41,5
821,41,0
822,34,1
823,35,2
824,35,1
825,46,3
826,54,12
827,52,11
828,48,9
829,53,15
830,40,2
831,42,2
832,45,4
833,35,1
834,47,5
835,51,9
836,33,0
837,44,7
838,46,4
839,45,7
840,42,2
841,44,5
842,46,7
843,40,2
844,43,6
845,39,3
846,38,1
847,43,5
848,41,1
849,48,7
850,42,2
851,34,1
852,38,3
853,39,2
854,48,6
855,35,0
856,47,6
857,40,3
858,50,8
859,59,15
860,39,2
861,37,0
862,41,2
863,45,5
864,49,8
865,42,4
866,42,2
867,41,4
868,44,3
869,36,0
870,33,1
871,36,0
872,41,3
873,50,6
874,46,6
875,39,0
876,44,2
877,43,4
878,47,6
879,41,0
880,48,8
881,44,3
882,46,8
883,37,2
884,41,2
885,46,9
886,53,13
887,46,5
888,50,13
889,50,7
890,46,7
891,44,6
892,42,2
893,47,9
894,50,7
895,44,6
896,43,8
897,47,8
898,40,2
899,48,9
900,40,5
901,60,16
902,44,6
903,52,9
904,46,8
905,45,5
906,49,8
907,48,7
908,49,11
909,39,6
910,40,3
911,41,4
912,48,8
913,40,2
914,52,6
915,44,3
916,42,4
917,46,5
918,50,7
919,49,4
920,59,19
921,51,10
922,39,4
923,46,4
924,48,10
925,43,5
926,53,13
927,44,3
928,39,0
929,47,3
930,45,3
931,41,2
932,48,11
933,45,8
934,49,7
935,43,2
936,45,3
937,46,8
938,35,0
939,48,8
940,42,1
941,48,12
942,49,7
943,42,2
944,50,10
945,55,9
946,39,2
947,47,8
948,40,5
949,45,4
950,40,7
951,43,1
952,45,6
953,36,1
954,40,2
955,43,3
956,47,5
957,38,4
958,45,6
959,42,5
960,43,4
961,37,1
962,41,5
963,43,1
964,40,2
965,45,3
966,46,6
967,41,1
968,34,1
969,39,3
970,45,5
971,40,1
972,46,3
973,54,13
974,45,7
975,45,5
976,51,12
977,41,5
978,48,7
979,40,2
980,48,9
981,49,8
982,39,4
983,44,4
984,46,5
985,44,9
986,47,6
987,49,4
988,49,5
989,36,2
990,42,3
991,43,5
992,51,6
993,49,6
994,41,5
995,37,0
996,53,8
997,43,2
998,30,0
999,40,1
1000,38,3
