NUM,ATBAT,SCORE
1,43,1
2,44,9
3,35,1
4,48,6
5,41,5
6,41,1
7,41,4
8,40,3
9,39,5
10,37,2
11,38,2
12,41,3
13,54,15
14,38,3
15,44,3
16,38,4
17,50,9
18,40,3
19,46,5
20,41,5
21,50,4
22,39,5
23,34,4
24,40,4
25,41,3
26,39,5
27,38,2
28,51,10
29,36,0
30,38,2
31,34,1
32,46,4
33,43,3
34,43,5
35,42,5
36,45,7
37,39,3
38,40,3
39,43,4
40,44,5
41,37,1
42,33,1
43,47,6
44,42,2
45,41,3
46,41,3
47,41,8
48,44,8
49,39,3
50,40,3
51,43,4
52,44,6
53,51,9
54,41,1
55,40,3
56,41,1
57,53,11
58,49,9
59,47,7
60,40,2
61,47,8
62,41,4
63,40,1
64,32,0
65,38,1
66,41,4
67,51,9
68,43,9
69,37,2
70,45,5
71,42,4
72,43,3
73,44,7
74,50,13
75,48,7
76,42,7
77,38,4
78,39,2
79,37,2
80,41,4
81,41,4
82,40,1
83,50,8
84,42,2
85,47,8
86,37,3
87,44,7
88,40,5
89,42,4
90,46,4
91,36,1
92,43,4
93,41,4
94,39,4
95,38,3
96,47,5
97,38,3
98,39,5
99,46,5
100,35,0
101,38,2
102,35,1
103,39,2
104,35,0
105,47,6
106,41,4
107,42,3
108,30,0
109,37,3
110,44,3
111,46,7
112,44,2
113,40,3
114,48,7
115,43,3
116,38,0
117,49,12
118,41,3
119,43,2
120,41,3
121,40,1
122,41,5
123,37,3
124,37,2
125,38,1
126,47,3
127,37,3
128,48,9
129,41,6
130,56,15
131,43,3
132,44,8
133,38,3
134,41,2
135,39,5
136,37,2
137,44,9
138,43,4
139,42,2
140,38,3
141,44,4
142,38,1
143,41,6
144,42,5
145,43,3
146,43,5
147,44,6
148,44,4
149,37,1
150,45,7
151,37,7
152,48,4
153,47,4
154,44,6
155,40,4
156,40,3
157,48,10
158,48,8
159,41,2
160,36,0
161,40,6
162,37,2
163,43,3
164,43,6
165,46,7
166,42,3
167,47,10
168,41,5
169,46,5
170,49,10
171,40,3
172,42,7
173,40,4
174,43,6
175,38,4
176,37,2
177,50,9
178,53,13
179,41,3
180,48,9
181,45,2
182,43,3
183,41,2
184,41,2
185,41,4
186,46,7
187,36,4
188,45,8
189,47,7
190,36,1
191,44,7
192,37,2
193,44,5
194,38,3
195,36,0
196,36,1
197,36,2
198,42,3
199,38,0
200,40,6
201,45,9
202,37,0
203,44,5
204,39,6
205,38,3
206,45,6
207,39,2
208,44,6
209,44,5
210,36,1
211,46,5
212,34,0
213,49,12
214,46,7
215,41,7
216,40,5
217,47,9
218,37,3
219,42,4
220,42,5
221,40,4
222,41,2
223,43,7
224,41,4
225,37,1
226,45,1
227,34,1
228,37,4
229,38,2
230,49,10
231,34,1
232,33,0
233,47,7
234,39,1
235,45,3
236,36,5
237,46,7
238,36,2
239,43,2
240,43,6
241,48,10
242,34,0
243,49,9
244,47,4
245,33,0
246,35,0
247,43,2
248,40,2
249,39,3
250,43,3
251,42,3
252,48,7
253,46,5
254,51,11
255,46,6
256,42,7
257,35,2
258,47,6
259,51,7
260,41,1
261,45,6
262,36,0
263,42,4
264,40,1
265,39,7
266,39,2
267,50,10
268,54,9
269,43,5
270,40,2
271,43,2
272,43,5
273,42,2
274,49,9
275,40,7
276,43,6
277,44,5
278,48,7
279,47,5
280,38,1
281,36,1
282,49,8
283,46,6
284,40,4
285,37,0
286,41,2
287,44,4
288,44,5
289,41,2
290,42,6
291,38,1
292,39,3
293,40,3
294,52,15
295,37,1
296,29,0
297,46,5
298,38,0
299,32,2
300,52,9
301,46,6
302,51,10
303,58,18
304,42,0
305,38,1
306,45,7
307,52,8
308,43,6
309,49,7
310,42,2
311,39,3
312,34,0
313,38,3
314,35,0
315,45,4
316,54,15
317,37,1
318,38,3
319,38,1
320,50,12
321,39,3
322,35,2
323,45,5
324,53,10
325,42,4
326,41,4
327,36,3
328,40,1
329,45,4
330,49,7
331,36,3
332,48,15
333,42,6
334,47,4
335,51,11
336,32,0
337,49,7
338,38,1
339,48,8
340,42,5
341,44,8
342,42,3
343,44,5
344,39,1
345,37,0
346,50,11
347,37,4
348,41,6
349,43,4
350,39,1
351,41,2
352,43,1
353,41,5
354,36,3
355,40,4
356,41,2
357,37,0
358,46,4
359,44,4
360,36,3
361,37,2
362,40,1
363,39,3
364,42,2
365,38,2
366,45,8
367,42,5
368,33,0
369,35,0
370,48,7
371,40,1
372,38,2
373,35,1
374,35,0
375,39,1
376,39,4
377,50,16
378,35,0
379,50,8
380,36,3
381,37,2
382,48,8
383,43,3
384,42,2
385,46,5
386,48,6
387,35,1
388,39,1
389,43,5
390,49,10
391,33,1
392,40,2
393,33,2
394,38,5
395,41,5
396,50,8
397,35,4
398,48,8
399,39,4
400,39,5
401,49,6
402,38,2
403,46,5
404,41,2
405,41,2
406,35,0
407,48,5
408,45,7
409,37,4
410,34,1
411,41,2
412,43,2
413,50,10
414,52,11
415,49,11
416,46,8
417,40,0
418,44,5
419,38,3
420,40,3
421,46,3
422,42,2
423,43,4
424,36,1
425,46,8
426,48,5
427,36,1
428,45,8
429,43,6
430,43,3
431,40,0
432,38,0
433,42,5
434,42,1
435,40,4
436,44,3
437,41,2
438,45,4
439,38,1
440,43,4
441,47,10
442,47,6
443,38,1
444,34,0
445,36,3
446,35,1
447,39,1
448,39,1
449,39,1
450,53,9
451,39,3
452,37,1
453,37,0
454,44,4
455,43,7
456,40,5
457,36,1
458,41,7
459,47,11
460,38,2
461,43,7
462,36,1
463,44,5
464,52,9
465,35,0
466,38,3
467,39,0
468,44,2
469,41,4
470,46,6
471,43,1
472,44,5
473,49,6
474,40,3
475,44,6
476,41,3
477,49,8
478,51,5
479,38,1
480,39,1
481,37,1
482,47,8
483,39,0
484,35,0
485,39,2
486,50,10
487,40,2
488,46,9
489,40,3
490,46,7
491,46,2
492,47,7
493,46,4
494,38,1
495,41,2
496,44,4
497,45,2
498,46,6
499,42,5
500,40,5
501,41,4
502,39,4
503,40,1
504,47,4
505,46,6
506,42,3
507,39,1
508,46,3
509,43,6
510,46,6
511,44,5
512,41,1
513,45,6
514,47,10
515,36,3
516,45,8
517,40,3
518,38,1
519,39,4
520,37,2
521,43,5
522,40,2
523,44,5
524,44,4
525,38,1
526,42,6
527,41,6
528,40,5
529,37,2
530,38,2
531,40,3
532,50,10
533,34,1
534,44,6
535,45,9
536,44,6
537,47,6
538,40,4
539,34,1
540,39,4
541,44,6
542,43,3
543,46,6
544,42,5
545,47,9
546,38,1
547,46,4
548,40,3
549,56,11
550,50,11
551,41,6
552,38,2
553,38,4
554,44,10
555,36,3
556,46,3
557,43,9
558,48,5
559,38,1
560,46,4
561,48,7
562,36,3
563,40,2
564,41,3
565,49,9
566,49,11
567,42,3
568,35,3
569,43,5
570,48,11
571,50,12
572,45,3
573,36,0
574,47,7
575,48,14
576,45,5
577,36,6
578,51,10
579,40,3
580,33,0
581,44,7
582,45,8
583,41,1
584,42,3
585,49,13
586,38,0
587,38,3
588,43,8
589,37,2
590,41,4
591,37,1
592,41,3
593,51,10
594,38,1
595,44,7
596,42,3
597,32,0
598,39,4
599,43,4
600,32,1
601,44,4
602,39,4
603,51,14
604,38,3
605,44,2
606,43,7
607,43,5
608,40,4
609,46,4
610,41,4
611,40,5
612,40,4
613,37,0
614,35,1
615,46,8
616,37,4
617,35,0
618,37,1
619,45,9
620,47,6
621,32,0
622,49,12
623,42,4
624,45,5
625,35,0
626,49,12
627,39,5
628,37,3
629,43,6
630,44,8
631,49,4
632,45,5
633,42,6
634,41,7
635,37,1
636,40,4
637,38,1
638,53,8
639,39,1
640,40,4
641,36,1
642,53,8
643,38,0
644,49,7
645,39,2
646,63,16
647,44,4
648,40,7
649,42,7
650,42,3
651,43,8
652,35,1
653,39,0
654,39,1
655,42,4
656,48,5
657,44,5
658,45,7
659,55,19
660,33,0
661,49,6
662,56,11
663,37,1
664,41,3
665,53,9
666,39,3
667,38,4
668,39,2
669,41,5
670,46,10
671,47,7
672,43,3
673,46,9
674,53,13
675,43,7
676,38,2
677,39,1
678,41,2
679,44,6
680,43,7
681,38,4
682,47,10
683,49,8
684,44,5
685,45,7
686,39,3
687,44,11
688,46,5
689,37,1
690,37,2
691,37,2
692,44,7
693,42,7
694,39,3
695,42,5
696,39,1
697,47,10
698,60,18
699,33,0
700,45,5
701,41,3
702,33,0
703,52,12
704,35,0
705,37,1
706,48,9
707,39,1
708,51,7
709,45,4
710,44,9
711,43,2
712,42,8
713,38,3
714,50,9
715,36,2
716,42,3
717,44,5
718,47,8
719,42,6
720,41,5
721,39,4
722,43,4
723,54,15
724,36,1
725,43,4
726,36,3
727,40,4
728,44,8
729,45,4
730,38,2
731,43,6
732,50,7
733,38,4
734,34,0
735,40,1
736,41,4
737,37,1
738,40,1
739,51,10
740,38,1
741,48,7
742,34,1
743,37,2
744,40,4
745,49,9
746,42,4
747,45,7
748,47,9
749,42,6
750,36,1
751,36,1
752,47,5
753,44,7
754,49,7
755,43,3
756,48,6
757,47,8
758,46,7
759,37,0
760,46,6
761,45,2
762,32,1
763,41,3
764,46,8
765,41,6
766,44,4
767,45,6
768,45,5
769,36,3
770,41,2
771,48,9
772,37,1
773,38,5
774,46,7
775,40,3
776,36,0
777,43,7
778,36,0
779,40,2
780,42,4
781,47,12
782,39,2
783,40,1
784,41,5
785,50,5
786,47,4
787,37,1
788,35,2
789,41,5
790,45,7
791,36,0
792,46,8
793,38,1
794,39,3
795,49,10
796,43,5
797,42,3
798,41,4
799,54,15
800,42,4
801,37,1
802,48,10
803,39,2
804,43,4
805,52,13
806,48,7
807,39,1
808,49,6
809,41,3
810,37,1
811,38,3
812,34,0
813,40,2
814,38,2
815,38,3
816,39,2
817,41,5
818,38,4
819,52,12
820,35,1
821,45,8
822,42,3
823,40,6
824,48,10
825,50,14
826,39,0
827,35,1
828,53,9
829,43,3
830,53,10
831,47,10
832,57,10
833,43,6
834,46,7
835,38,1
836,56,17
837,48,7
838,41,2
839,35,0
840,45,7
841,41,3
842,37,1
843,42,4
844,37,4
845,45,8
846,39,2
847,46,7
848,39,2
849,41,3
850,37,1
851,43,2
852,47,3
853,39,1
854,42,4
855,34,2
856,52,11
857,43,6
858,41,5
859,43,8
860,47,5
861,35,2
862,38,3
863,36,1
864,41,3
865,46,5
866,36,2
867,40,5
868,45,8
869,42,4
870,38,1
871,41,7
872,47,7
873,44,3
874,42,4
875,44,7
876,43,4
877,66,23
878,50,9
879,40,5
880,41,4
881,42,5
882,50,11
883,35,0
884,42,5
885,47,9
886,41,1
887,43,3
888,34,0
889,39,3
890,45,7
891,44,5
892,38,4
893,41,4
894,38,4
895,42,6
896,44,5
897,38,3
898,37,3
899,48,6
900,42,4
901,40,0
902,35,2
903,44,10
904,44,6
905,43,6
906,40,1
907,37,0
908,43,5
909,39,2
910,48,10
911,49,9
912,40,4
913,36,0
914,37,3
915,40,2
916,43,7
917,45,5
918,37,1
919,34,0
920,44,8
921,37,1
922,39,4
923,44,4
924,42,6
925,43,8
926,41,4
927,44,5
928,40,2
929,35,0
930,45,9
931,48,10
932,42,7
933,36,3
934,40,4
935,46,10
936,41,4
937,40,8
938,39,4
939,44,6
940,46,7
941,41,4
942,39,4
943,53,14
944,41,3
945,48,10
946,37,2
947,48,7
948,44,7
949,43,3
950,39,2
951,45,5
952,34,1
953,46,7
954,45,12
955,37,1
956,45,6
957,42,3
958,39,5
959,34,1
960,37,1
961,44,6
962,49,10
963,45,4
964,44,7
965,34,1
966,46,7
967,37,0
968,45,3
969,41,7
970,42,4
971,46,9
972,45,1
973,42,3
974,36,3
975,42,5
976,50,11
977,35,1
978,37,0
979,43,3
980,37,2
981,40,3
982,36,1
983,49,7
984,49,9
985,53,13
986,40,5
987,43,5
988,37,0
989,35,2
990,44,4
991,41,6
992,60,16
993,41,5
994,45,4
995,44,7
996,39,3
997,46,5
998,38,0
999,37,2
1000,45,8
