NUM,ATBAT,SCORE
1,33,0
2,41,5
3,50,12
4,32,0
5,43,4
6,35,1
7,35,1
8,40,3
9,38,1
10,33,0
11,39,2
12,48,7
13,34,3
14,39,1
15,40,3
16,33,1
17,37,3
18,39,5
19,38,3
20,47,6
21,38,2
22,31,1
23,43,3
24,35,2
25,39,3
26,41,3
27,45,5
28,44,6
29,41,1
30,40,5
31,37,1
32,36,0
33,40,1
34,40,5
35,35,2
36,46,3
37,37,0
38,35,2
39,32,1
40,40,1
41,43,5
42,44,4
43,37,3
44,43,4
45,39,1
46,36,1
47,39,0
48,45,5
49,36,1
50,38,4
51,56,16
52,42,4
53,43,6
54,38,1
55,37,2
56,40,2
57,49,11
58,37,1
59,38,1
60,47,8
61,32,1
62,49,10
63,42,5
64,44,10
65,34,0
66,41,2
67,41,3
68,44,5
69,43,2
70,52,8
71,37,1
72,38,2
73,38,1
74,39,1
75,37,0
76,35,2
77,42,4
78,42,5
79,45,6
80,37,0
81,38,4
82,38,3
83,49,9
84,43,5
85,37,2
86,38,0
87,36,2
88,37,1
89,42,5
90,38,4
91,47,6
92,41,4
93,40,2
94,40,5
95,39,2
96,31,2
97,39,2
98,40,0
99,35,2
100,37,3
101,38,2
102,45,7
103,42,3
104,38,2
105,36,3
106,31,1
107,36,0
108,38,3
109,35,0
110,39,1
111,46,9
112,39,3
113,39,2
114,39,7
115,42,3
116,39,4
117,43,5
118,36,1
119,41,4
120,34,1
121,37,0
122,39,3
123,41,4
124,50,7
125,47,4
126,36,0
127,40,6
128,42,2
129,36,2
130,38,3
131,38,1
132,47,6
133,35,0
134,40,0
135,34,0
136,36,0
137,48,8
138,43,6
139,37,2
140,36,2
141,33,1
142,45,7
143,37,1
144,42,6
145,38,3
146,34,0
147,34,2
148,44,5
149,57,15
150,38,1
151,43,2
152,44,4
153,32,0
154,50,12
155,39,1
156,36,0
157,41,2
158,38,4
159,31,0
160,38,3
161,39,4
162,37,4
163,33,1
164,35,3
165,43,6
166,39,3
167,34,1
168,33,1
169,38,0
170,34,0
171,35,0
172,35,0
173,42,4
174,39,1
175,42,6
176,34,2
177,45,6
178,48,7
179,37,0
180,45,9
181,39,4
182,45,3
183,40,1
184,43,7
185,40,3
186,44,6
187,31,0
188,37,0
189,36,3
190,42,3
191,40,3
192,40,2
193,36,1
194,49,10
195,43,5
196,40,4
197,39,2
198,36,3
199,43,6
200,42,6
201,41,2
202,38,2
203,46,9
204,33,2
205,40,3
206,35,0
207,40,1
208,32,0
209,41,5
210,40,6
211,37,1
212,45,7
213,39,3
214,39,5
215,31,0
216,35,0
217,37,1
218,43,0
219,42,4
220,41,3
221,37,2
222,38,2
223,47,9
224,37,4
225,32,0
226,38,4
227,41,4
228,36,3
229,42,4
230,37,4
231,38,2
232,45,4
233,42,0
234,42,2
235,48,5
236,33,2
237,41,4
238,49,7
239,31,0
240,52,11
241,34,0
242,45,7
243,38,2
244,43,6
245,43,4
246,45,5
247,48,12
248,46,8
249,35,2
250,36,2
251,35,1
252,33,0
253,41,4
254,36,2
255,32,1
256,45,7
257,35,3
258,46,8
259,41,4
260,41,5
261,38,5
262,35,0
263,38,2
264,39,4
265,40,3
266,43,7
267,35,0
268,32,0
269,37,2
270,42,6
271,38,1
272,38,4
273,39,3
274,39,3
275,39,4
276,35,2
277,39,5
278,37,2
279,40,3
280,45,5
281,46,8
282,44,3
283,39,3
284,45,4
285,32,0
286,36,2
287,37,3
288,33,1
289,39,0
290,40,3
291,34,2
292,46,6
293,42,7
294,43,4
295,34,2
296,49,11
297,38,2
298,38,2
299,39,3
300,34,0
301,35,0
302,35,1
303,53,12
304,37,2
305,37,4
306,43,5
307,35,0
308,42,4
309,39,3
310,38,4
311,46,4
312,35,0
313,36,2
314,37,0
315,43,4
316,36,4
317,38,3
318,41,3
319,41,3
320,45,3
321,41,5
322,49,9
323,39,2
324,43,5
325,40,3
326,38,1
327,37,1
328,40,1
329,39,3
330,42,4
331,35,2
332,38,0
333,34,0
334,41,1
335,39,4
336,37,0
337,46,3
338,43,5
339,34,1
340,46,9
341,35,3
342,44,7
343,34,0
344,32,2
345,37,3
346,42,3
347,41,4
348,33,0
349,52,10
350,35,2
351,39,2
352,41,5
353,43,10
354,38,2
355,43,5
356,43,8
357,34,0
358,37,1
359,39,1
360,41,0
361,44,5
362,40,2
363,44,6
364,35,0
365,39,3
366,37,0
367,44,4
368,39,5
369,37,0
370,40,4
371,39,0
372,39,0
373,41,7
374,39,0
375,48,6
376,33,0
377,33,1
378,36,2
379,37,1
380,39,6
381,39,4
382,39,2
383,39,6
384,47,6
385,45,4
386,40,0
387,42,4
388,41,5
389,43,7
390,41,4
391,39,3
392,38,2
393,40,1
394,45,8
395,43,5
396,35,1
397,43,5
398,37,2
399,36,1
400,37,2
401,35,1
402,40,4
403,37,3
404,43,5
405,35,4
406,36,1
407,40,3
408,47,8
409,38,0
410,41,7
411,39,2
412,37,2
413,54,11
414,37,3
415,45,8
416,32,0
417,37,2
418,40,4
419,36,1
420,37,4
421,40,2
422,51,9
423,36,4
424,40,3
425,42,6
426,40,6
427,35,1
428,42,6
429,41,3
430,29,0
431,57,19
432,34,1
433,35,2
434,42,5
435,42,3
436,36,0
437,43,5
438,43,9
439,35,1
440,37,1
441,42,3
442,38,0
443,39,5
444,37,3
445,41,2
446,32,1
447,38,0
448,39,5
449,40,1
450,34,1
451,38,2
452,40,3
453,37,1
454,36,3
455,42,5
456,45,7
457,42,2
458,33,1
459,33,0
460,35,3
461,38,0
462,42,5
463,42,7
464,45,6
465,36,0
466,44,4
467,41,7
468,37,1
469,35,0
470,44,5
471,39,3
472,39,1
473,39,2
474,38,1
475,35,1
476,41,6
477,50,10
478,38,4
479,37,1
480,46,13
481,44,4
482,42,3
483,39,3
484,36,0
485,35,0
486,37,2
487,38,2
488,35,2
489,39,2
490,37,0
491,40,6
492,41,5
493,33,0
494,38,0
495,44,5
496,49,8
497,44,2
498,39,2
499,40,1
500,43,1
501,36,1
502,29,0
503,37,4
504,35,1
505,36,2
506,42,6
507,41,3
508,35,0
509,42,5
510,40,6
511,40,2
512,34,2
513,36,0
514,35,0
515,41,1
516,37,1
517,38,3
518,37,6
519,38,3
520,45,5
521,40,5
522,37,3
523,35,0
524,39,1
525,36,4
526,36,2
527,41,6
528,40,1
529,36,2
530,49,8
531,44,2
532,36,2
533,43,6
534,38,2
535,49,11
536,37,1
537,35,1
538,35,0
539,43,5
540,49,6
541,44,4
542,40,0
543,37,1
544,36,1
545,41,2
546,41,5
547,40,4
548,35,0
549,35,0
550,34,0
551,42,3
552,37,1
553,39,2
554,34,1
555,39,5
556,37,7
557,39,2
558,39,3
559,31,0
560,38,2
561,39,3
562,44,2
563,36,1
564,61,15
565,36,1
566,37,1
567,41,6
568,46,11
569,42,2
570,42,5
571,37,2
572,45,4
573,45,2
574,40,3
575,43,10
576,35,1
577,34,0
578,38,0
579,47,5
580,39,1
581,39,3
582,37,2
583,48,10
584,40,4
585,37,0
586,36,2
587,49,9
588,36,1
589,52,11
590,44,4
591,35,0
592,35,0
593,47,8
594,47,11
595,39,3
596,39,1
597,42,6
598,36,2
599,37,5
600,39,0
601,43,7
602,40,2
603,38,2
604,36,0
605,45,2
606,35,0
607,44,3
608,40,7
609,48,9
610,40,1
611,44,6
612,41,0
613,49,7
614,33,0
615,38,3
616,32,0
617,33,0
618,31,0
619,36,0
620,44,5
621,38,0
622,37,1
623,41,1
624,35,2
625,39,0
626,41,5
627,45,5
628,44,5
629,41,1
630,59,17
631,40,3
632,40,3
633,47,6
634,42,4
635,37,2
636,40,5
637,45,7
638,40,4
639,41,2
640,32,1
641,48,8
642,38,0
643,39,2
644,40,1
645,53,9
646,40,2
647,38,0
648,43,3
649,34,0
650,38,1
651,37,0
652,43,2
653,42,5
654,46,6
655,46,9
656,34,2
657,45,4
658,42,4
659,37,2
660,35,4
661,42,2
662,47,6
663,47,5
664,47,10
665,32,1
666,55,11
667,34,0
668,34,0
669,38,1
670,39,2
671,42,4
672,40,2
673,42,7
674,48,8
675,34,0
676,42,3
677,38,5
678,41,5
679,38,0
680,37,0
681,39,3
682,44,3
683,40,2
684,44,4
685,41,1
686,40,1
687,37,2
688,41,3
689,42,4
690,36,4
691,43,6
692,37,0
693,41,3
694,36,1
695,37,2
696,35,1
697,34,1
698,40,5
699,46,4
700,44,3
701,38,4
702,34,3
703,39,0
704,41,3
705,34,0
706,40,1
707,36,1
708,38,4
709,41,6
710,40,4
711,47,9
712,34,2
713,42,1
714,39,3
715,32,1
716,36,3
717,38,2
718,37,0
719,36,2
720,38,2
721,51,8
722,42,2
723,38,2
724,39,0
725,39,2
726,37,1
727,50,9
728,38,1
729,33,1
730,31,0
731,41,1
732,32,0
733,35,0
734,43,3
735,35,4
736,37,3
737,38,0
738,39,0
739,42,4
740,47,7
741,40,1
742,42,2
743,35,0
744,42,5
745,45,6
746,46,5
747,39,2
748,43,5
749,33,1
750,36,2
751,35,3
752,46,8
753,48,12
754,37,0
755,38,2
756,33,0
757,36,1
758,37,1
759,43,5
760,45,8
761,36,1
762,40,5
763,37,2
764,40,4
765,36,2
766,45,8
767,40,3
768,36,1
769,44,2
770,44,6
771,43,2
772,45,7
773,40,1
774,36,1
775,40,2
776,49,11
777,33,0
778,53,13
779,40,2
780,40,4
781,38,3
782,42,2
783,41,1
784,35,1
785,42,3
786,37,1
787,40,4
788,46,6
789,36,1
790,40,4
791,43,5
792,39,3
793,45,8
794,40,4
795,36,1
796,36,0
797,42,3
798,44,4
799,39,3
800,39,1
801,38,2
802,39,3
803,40,2
804,33,0
805,46,3
806,41,5
807,38,1
808,37,2
809,34,0
810,42,4
811,48,7
812,46,8
813,38,5
814,51,9
815,41,0
816,46,9
817,42,3
818,38,3
819,41,2
820,38,5
821,37,3
822,49,7
823,34,1
824,39,4
825,32,0
826,41,3
827,40,2
828,41,3
829,38,2
830,42,4
831,40,4
832,40,6
833,36,0
834,38,2
835,42,4
836,37,3
837,36,2
838,37,3
839,42,7
840,40,2
841,38,1
842,42,4
843,46,9
844,49,9
845,42,6
846,35,2
847,43,4
848,42,4
849,36,4
850,38,2
851,39,0
852,45,10
853,38,3
854,43,4
855,36,3
856,40,3
857,39,3
858,37,2
859,44,6
860,35,3
861,43,3
862,41,5
863,43,3
864,40,3
865,42,4
866,39,3
867,40,4
868,37,0
869,36,1
870,40,2
871,37,2
872,39,4
873,37,0
874,41,2
875,39,2
876,38,2
877,40,4
878,35,1
879,44,6
880,38,4
881,43,4
882,42,7
883,41,5
884,43,2
885,38,1
886,37,0
887,39,6
888,39,1
889,41,5
890,45,4
891,36,4
892,47,8
893,33,1
894,36,1
895,37,4
896,34,1
897,33,1
898,45,3
899,40,1
900,37,0
901,40,5
902,41,4
903,34,0
904,48,12
905,38,1
906,41,2
907,34,0
908,43,5
909,46,2
910,37,2
911,46,8
912,41,7
913,33,1
914,43,4
915,34,0
916,36,4
917,40,4
918,41,2
919,41,4
920,34,0
921,43,2
922,42,4
923,36,3
924,42,4
925,37,0
926,36,0
927,37,1
928,38,2
929,37,1
930,40,3
931,36,1
932,42,4
933,42,6
934,35,1
935,39,0
936,44,7
937,41,5
938,38,1
939,36,0
940,37,1
941,33,4
942,47,7
943,38,2
944,38,3
945,39,2
946,36,1
947,30,1
948,32,0
949,41,4
950,40,0
951,35,1
952,45,4
953,39,1
954,36,1
955,33,0
956,50,6
957,39,4
958,34,0
959,34,0
960,37,1
961,46,6
962,39,0
963,40,2
964,47,8
965,37,1
966,36,3
967,41,1
968,37,1
969,39,3
970,39,3
971,49,7
972,34,0
973,47,6
974,41,5
975,29,0
976,47,8
977,38,3
978,43,6
979,39,3
980,37,1
981,47,8
982,39,3
983,43,1
984,44,5
985,37,3
986,39,3
987,33,1
988,39,3
989,35,2
990,30,0
991,41,3
992,40,2
993,39,3
994,44,4
995,41,3
996,37,1
997,42,3
998,38,3
999,35,0
1000,41,2
