NUM,ATBAT,SCORE
1,46,7
2,36,0
3,44,3
4,39,4
5,51,9
6,44,5
7,49,6
8,32,0
9,37,0
10,44,7
11,46,8
12,36,2
13,43,0
14,42,7
15,37,2
16,50,10
17,37,1
18,37,0
19,38,1
20,46,8
21,43,5
22,40,3
23,35,0
24,38,3
25,33,0
26,43,5
27,41,4
28,43,5
29,48,9
30,38,2
31,38,1
32,45,11
33,39,2
34,44,4
35,40,4
36,43,5
37,42,5
38,40,3
39,38,4
40,49,7
41,49,7
42,41,8
43,42,1
44,39,3
45,36,2
46,37,3
47,40,3
48,38,3
49,43,5
50,39,4
51,48,9
52,36,2
53,39,1
54,40,3
55,50,10
56,44,5
57,40,4
58,41,3
59,42,1
60,37,1
61,43,6
62,40,1
63,47,6
64,49,5
65,46,4
66,41,3
67,37,1
68,39,2
69,48,5
70,36,1
71,47,7
72,47,9
73,37,3
74,42,6
75,48,9
76,53,9
77,45,5
78,37,1
79,33,0
80,36,3
81,44,5
82,49,6
83,50,10
84,37,4
85,46,7
86,37,1
87,44,4
88,41,5
89,38,1
90,48,11
91,44,2
92,37,3
93,38,3
94,48,12
95,46,14
96,42,5
97,43,3
98,34,5
99,52,11
100,39,2
101,53,12
102,36,1
103,48,7
104,43,8
105,45,10
106,45,6
107,49,10
108,39,3
109,45,7
110,36,2
111,40,2
112,46,4
113,33,1
114,40,1
115,54,15
116,41,4
117,38,3
118,44,7
119,39,7
120,41,1
121,39,2
122,39,3
123,45,11
124,41,2
125,54,10
126,45,5
127,43,4
128,38,2
129,45,5
130,45,4
131,39,3
132,52,10
133,41,8
134,46,6
135,47,6
136,42,4
137,37,1
138,48,9
139,41,3
140,43,2
141,47,8
142,43,7
143,47,6
144,45,8
145,35,2
146,44,9
147,41,6
148,35,0
149,38,4
150,40,2
151,38,1
152,38,0
153,51,12
154,40,3
155,43,4
156,47,6
157,44,8
158,43,7
159,45,7
160,40,3
161,53,14
162,39,2
163,48,9
164,43,7
165,44,6
166,35,2
167,39,2
168,34,1
169,37,0
170,42,7
171,37,3
172,39,1
173,48,7
174,35,2
175,52,7
176,38,3
177,44,6
178,37,1
179,51,9
180,44,2
181,41,6
182,50,9
183,44,4
184,52,11
185,43,4
186,38,1
187,31,1
188,40,4
189,40,2
190,37,1
191,44,10
192,48,8
193,46,9
194,49,10
195,34,1
196,39,3
197,34,3
198,44,8
199,54,9
200,40,5
201,38,6
202,37,2
203,49,12
204,38,2
205,44,3
206,42,4
207,42,4
208,43,4
209,42,8
210,50,9
211,38,2
212,50,8
213,36,0
214,56,15
215,48,9
216,43,7
217,48,10
218,42,5
219,35,0
220,38,2
221,40,3
222,36,3
223,54,13
224,43,4
225,48,9
226,48,9
227,37,0
228,43,7
229,42,3
230,40,1
231,35,1
232,36,4
233,45,6
234,40,3
235,45,2
236,40,2
237,38,6
238,50,7
239,45,4
240,47,9
241,36,0
242,52,10
243,34,0
244,39,2
245,39,2
246,44,1
247,37,2
248,36,3
249,41,4
250,43,4
251,52,11
252,35,1
253,46,6
254,41,8
255,43,7
256,41,4
257,42,4
258,40,1
259,41,4
260,38,0
261,39,1
262,42,2
263,51,11
264,54,12
265,36,2
266,39,4
267,42,3
268,52,5
269,56,13
270,39,1
271,48,11
272,50,9
273,39,4
274,44,7
275,41,4
276,44,2
277,42,2
278,34,0
279,37,3
280,38,5
281,34,0
282,35,1
283,46,6
284,43,3
285,51,10
286,41,4
287,38,1
288,51,10
289,52,12
290,44,8
291,39,4
292,42,4
293,40,5
294,38,2
295,43,5
296,52,6
297,47,9
298,38,2
299,35,2
300,39,2
301,42,5
302,44,4
303,37,0
304,38,2
305,41,4
306,52,11
307,45,8
308,44,3
309,42,2
310,48,6
311,51,6
312,36,2
313,35,1
314,44,4
315,40,4
316,46,8
317,38,4
318,47,13
319,36,2
320,51,14
321,47,8
322,42,3
323,38,3
324,39,3
325,36,6
326,47,10
327,39,1
328,40,4
329,41,1
330,43,5
331,35,0
332,37,2
333,45,6
334,38,1
335,43,9
336,41,5
337,42,4
338,44,6
339,40,2
340,46,8
341,41,1
342,38,1
343,46,6
344,34,0
345,40,5
346,40,3
347,43,6
348,35,0
349,37,3
350,47,11
351,47,8
352,50,10
353,45,4
354,44,10
355,42,4
356,39,4
357,47,4
358,40,4
359,37,4
360,41,0
361,39,2
362,55,14
363,45,6
364,49,10
365,40,3
366,46,8
367,37,0
368,37,3
369,38,4
370,47,9
371,45,1
372,45,6
373,44,2
374,40,5
375,44,3
376,44,8
377,35,0
378,41,2
379,52,7
380,39,2
381,42,7
382,42,3
383,41,2
384,39,1
385,40,4
386,51,9
387,38,3
388,39,2
389,43,5
390,45,5
391,42,3
392,48,6
393,39,3
394,36,0
395,37,3
396,36,2
397,51,9
398,37,1
399,43,3
400,38,3
401,51,15
402,43,3
403,41,4
404,47,13
405,35,5
406,47,10
407,42,3
408,35,0
409,48,9
410,35,2
411,37,1
412,48,14
413,41,3
414,47,6
415,36,2
416,34,0
417,44,5
418,37,2
419,41,4
420,37,6
421,43,2
422,38,0
423,45,7
424,44,2
425,31,0
426,41,1
427,47,6
428,49,8
429,48,6
430,43,1
431,43,4
432,47,5
433,45,5
434,43,4
435,38,2
436,39,1
437,38,2
438,40,1
439,42,3
440,35,1
441,44,11
442,43,3
443,47,9
444,37,1
445,42,2
446,39,5
447,43,6
448,40,7
449,46,7
450,40,4
451,41,3
452,45,6
453,41,1
454,36,1
455,41,2
456,43,4
457,35,0
458,34,0
459,43,6
460,42,5
461,46,6
462,39,2
463,49,11
464,35,0
465,39,3
466,45,3
467,43,4
468,41,2
469,35,1
470,44,8
471,40,1
472,44,2
473,43,3
474,42,3
475,40,4
476,46,9
477,57,19
478,37,2
479,33,2
480,43,4
481,44,5
482,42,5
483,35,1
484,34,1
485,47,5
486,38,2
487,38,5
488,40,5
489,44,3
490,41,6
491,41,4
492,37,3
493,39,4
494,45,4
495,43,4
496,45,5
497,46,8
498,45,2
499,48,9
500,34,1
501,42,6
502,44,4
503,42,4
504,43,4
505,36,2
506,39,3
507,45,5
508,36,3
509,38,2
510,45,6
511,40,5
512,42,4
513,43,3
514,41,2
515,48,7
516,47,8
517,39,5
518,47,8
519,45,5
520,37,1
521,44,8
522,44,7
523,40,7
524,37,1
525,48,6
526,48,7
527,36,3
528,38,1
529,41,6
530,37,2
531,48,7
532,36,3
533,42,5
534,35,1
535,31,0
536,52,9
537,46,8
538,35,0
539,35,2
540,42,4
541,35,0
542,40,4
543,36,1
544,41,7
545,41,6
546,42,1
547,37,1
548,43,6
549,49,14
550,47,7
551,48,8
552,36,3
553,43,7
554,39,4
555,47,7
556,49,7
557,46,10
558,34,2
559,43,3
560,42,1
561,49,10
562,39,4
563,51,8
564,39,2
565,48,10
566,43,5
567,46,9
568,45,7
569,48,11
570,39,3
571,35,1
572,42,7
573,42,1
574,33,1
575,44,5
576,37,0
577,36,1
578,37,0
579,42,2
580,37,1
581,47,12
582,39,3
583,38,2
584,40,7
585,49,11
586,37,1
587,40,5
588,35,0
589,39,1
590,39,2
591,39,3
592,44,7
593,41,3
594,41,2
595,38,1
596,36,2
597,41,6
598,47,4
599,41,5
600,39,6
601,42,8
602,43,4
603,39,3
604,41,3
605,48,9
606,36,3
607,41,4
608,45,9
609,35,1
610,39,2
611,49,7
612,44,4
613,50,7
614,42,3
615,36,3
616,44,9
617,49,12
618,43,9
619,39,2
620,37,2
621,47,6
622,45,10
623,38,3
624,38,0
625,41,3
626,42,5
627,43,6
628,44,10
629,33,0
630,47,8
631,36,1
632,40,0
633,40,2
634,38,0
635,32,1
636,42,5
637,48,8
638,44,5
639,38,0
640,45,8
641,38,4
642,54,17
643,39,0
644,32,3
645,34,2
646,46,8
647,47,6
648,42,2
649,43,8
650,38,1
651,38,1
652,40,9
653,45,4
654,39,4
655,43,7
656,39,3
657,43,7
658,43,3
659,40,2
660,36,2
661,39,3
662,39,6
663,37,2
664,39,3
665,49,6
666,38,5
667,48,8
668,36,2
669,43,6
670,50,10
671,48,11
672,38,4
673,40,3
674,36,0
675,38,3
676,41,8
677,44,9
678,43,5
679,39,6
680,40,2
681,37,0
682,39,3
683,40,1
684,35,0
685,38,0
686,40,2
687,52,12
688,36,3
689,34,0
690,38,6
691,45,5
692,38,1
693,46,8
694,47,4
695,41,3
696,36,4
697,39,5
698,37,1
699,38,1
700,34,1
701,52,9
702,44,4
703,52,8
704,46,5
705,41,4
706,50,13
707,41,4
708,38,4
709,47,6
710,41,1
711,48,9
712,41,1
713,43,1
714,41,3
715,41,5
716,41,3
717,50,7
718,44,6
719,39,3
720,47,9
721,35,1
722,40,6
723,38,4
724,39,2
725,40,1
726,46,5
727,42,4
728,40,2
729,46,10
730,46,8
731,41,4
732,45,5
733,42,2
734,34,0
735,44,10
736,41,3
737,40,2
738,43,5
739,46,4
740,41,2
741,40,6
742,43,3
743,46,2
744,45,11
745,41,5
746,37,1
747,47,6
748,38,5
749,41,7
750,36,5
751,39,6
752,40,4
753,40,3
754,45,6
755,44,6
756,40,2
757,41,3
758,40,4
759,58,17
760,39,5
761,34,0
762,39,1
763,44,12
764,41,5
765,52,15
766,41,1
767,40,6
768,39,4
769,38,4
770,43,6
771,46,7
772,39,2
773,39,3
774,42,4
775,41,6
776,43,3
777,37,1
778,40,5
779,43,2
780,39,6
781,37,4
782,51,7
783,45,4
784,44,3
785,40,3
786,42,6
787,50,8
788,45,4
789,50,7
790,42,4
791,47,6
792,31,0
793,40,2
794,39,3
795,40,1
796,44,7
797,43,1
798,32,0
799,38,1
800,36,2
801,37,0
802,39,5
803,37,5
804,34,0
805,38,2
806,44,4
807,50,12
808,43,5
809,39,1
810,51,13
811,44,7
812,46,5
813,40,4
814,41,4
815,45,7
816,37,1
817,51,12
818,47,5
819,38,3
820,42,2
821,32,0
822,40,2
823,36,1
824,48,5
825,37,2
826,50,9
827,40,6
828,41,8
829,37,1
830,41,4
831,46,9
832,48,7
833,45,5
834,36,2
835,44,5
836,36,1
837,48,9
838,41,2
839,38,3
840,38,4
841,50,8
842,42,3
843,40,2
844,37,3
845,43,9
846,46,8
847,47,7
848,45,6
849,48,13
850,43,5
851,36,2
852,43,5
853,43,7
854,41,3
855,45,7
856,38,2
857,44,4
858,43,4
859,42,5
860,40,3
861,40,5
862,39,6
863,42,7
864,48,6
865,41,5
866,40,1
867,37,5
868,56,15
869,45,10
870,47,4
871,47,8
872,37,2
873,40,3
874,40,1
875,47,11
876,52,15
877,34,1
878,37,2
879,39,1
880,36,2
881,52,5
882,47,4
883,43,4
884,36,1
885,44,5
886,43,3
887,35,1
888,45,5
889,47,8
890,38,3
891,36,0
892,44,9
893,35,0
894,38,4
895,46,8
896,46,4
897,48,9
898,39,4
899,50,11
900,47,5
901,42,5
902,40,3
903,46,7
904,37,3
905,46,3
906,50,5
907,39,2
908,43,4
909,45,5
910,47,6
911,43,3
912,42,6
913,50,13
914,44,5
915,48,6
916,36,2
917,39,6
918,47,6
919,33,0
920,43,7
921,48,11
922,46,7
923,37,1
924,48,8
925,36,3
926,45,9
927,41,5
928,42,5
929,38,0
930,51,12
931,39,4
932,42,5
933,49,8
934,44,7
935,43,5
936,40,4
937,46,9
938,40,4
939,46,7
940,37,0
941,43,4
942,48,6
943,44,5
944,54,14
945,36,0
946,37,1
947,38,2
948,43,4
949,41,4
950,36,0
951,42,2
952,39,3
953,42,8
954,35,0
955,42,4
956,37,0
957,45,9
958,39,3
959,43,6
960,47,6
961,41,2
962,45,10
963,43,8
964,44,7
965,50,12
966,45,6
967,38,5
968,45,4
969,54,11
970,34,1
971,37,1
972,34,0
973,40,5
974,45,8
975,40,5
976,35,1
977,45,9
978,45,9
979,51,7
980,38,5
981,40,1
982,41,4
983,46,5
984,39,1
985,48,10
986,50,8
987,38,3
988,38,2
989,33,1
990,44,6
991,36,1
992,36,3
993,41,8
994,44,6
995,39,4
996,31,0
997,47,6
998,41,6
999,39,3
1000,39,2
