NUM,ATBAT,SCORE
1,53,13
2,43,8
3,40,5
4,42,5
5,41,7
6,41,10
7,36,3
8,48,9
9,50,13
10,41,5
11,36,1
12,36,2
13,40,2
14,40,3
15,40,5
16,40,2
17,36,0
18,39,2
19,47,8
20,47,5
21,41,4
22,36,2
23,41,6
24,37,2
25,51,15
26,40,4
27,45,9
28,50,10
29,37,4
30,41,4
31,40,4
32,40,6
33,52,14
34,49,11
35,33,0
36,39,4
37,42,5
38,39,2
39,36,3
40,40,6
41,41,6
42,41,5
43,46,9
44,52,12
45,36,5
46,37,3
47,48,8
48,43,4
49,40,4
50,38,2
51,48,12
52,47,9
53,36,2
54,37,6
55,40,4
56,38,6
57,51,11
58,47,7
59,43,9
60,47,12
61,43,4
62,43,9
63,41,3
64,41,5
65,43,8
66,43,5
67,46,8
68,40,6
69,39,4
70,38,3
71,36,3
72,38,4
73,41,6
74,39,5
75,39,3
76,36,1
77,31,2
78,36,3
79,45,5
80,46,9
81,36,3
82,44,10
83,44,8
84,41,3
85,42,9
86,43,9
87,50,12
88,40,1
89,39,3
90,37,1
91,36,3
92,48,7
93,39,2
94,34,2
95,34,1
96,44,5
97,44,10
98,36,4
99,42,4
100,37,4
101,42,5
102,44,7
103,43,3
104,44,9
105,56,16
106,39,6
107,39,3
108,37,6
109,36,4
110,46,7
111,39,7
112,34,4
113,39,2
114,43,8
115,37,2
116,36,4
117,41,7
118,38,1
119,40,5
120,39,3
121,53,15
122,34,0
123,51,9
124,44,7
125,40,5
126,42,3
127,50,9
128,39,4
129,51,13
130,38,4
131,42,5
132,49,13
133,37,3
134,46,9
135,35,5
136,41,3
137,40,8
138,46,7
139,48,11
140,38,7
141,43,8
142,39,2
143,44,4
144,44,8
145,39,4
146,45,12
147,41,5
148,38,4
149,47,8
150,40,6
151,46,11
152,36,1
153,40,4
154,34,0
155,46,10
156,49,7
157,35,3
158,38,7
159,40,2
160,45,13
161,45,11
162,34,0
163,43,5
164,45,11
165,36,3
166,38,5
167,47,7
168,34,3
169,40,6
170,42,1
171,37,4
172,45,6
173,58,17
174,44,9
175,46,9
176,40,2
177,41,7
178,47,5
179,41,6
180,44,8
181,50,9
182,47,9
183,40,4
184,33,3
185,42,2
186,41,9
187,38,4
188,48,7
189,39,3
190,48,13
191,43,1
192,44,5
193,41,4
194,45,13
195,42,8
196,43,8
197,40,2
198,34,1
199,44,9
200,47,11
201,36,5
202,41,9
203,38,3
204,47,11
205,41,5
206,45,9
207,38,6
208,54,12
209,42,4
210,40,6
211,39,7
212,44,5
213,44,2
214,44,7
215,38,4
216,38,3
217,40,3
218,51,12
219,41,4
220,37,4
221,40,4
222,38,5
223,39,6
224,44,6
225,49,9
226,43,6
227,38,4
228,49,11
229,46,12
230,53,18
231,33,1
232,46,7
233,34,1
234,35,2
235,43,6
236,40,3
237,47,7
238,38,0
239,49,9
240,38,1
241,41,3
242,49,10
243,37,3
244,48,12
245,38,5
246,46,8
247,45,6
248,35,2
249,44,7
250,33,0
251,49,9
252,35,1
253,44,9
254,39,3
255,43,5
256,47,12
257,38,3
258,45,6
259,42,6
260,41,5
261,45,5
262,42,7
263,46,8
264,47,12
265,38,6
266,44,3
267,36,4
268,37,1
269,37,2
270,39,4
271,41,1
272,37,1
273,44,10
274,46,5
275,37,2
276,50,10
277,40,4
278,40,4
279,40,3
280,31,0
281,35,3
282,36,1
283,45,8
284,47,10
285,41,6
286,42,5
287,33,2
288,36,2
289,43,7
290,51,8
291,39,3
292,40,5
293,45,5
294,42,7
295,35,2
296,41,6
297,42,9
298,43,3
299,42,5
300,41,5
301,47,8
302,39,2
303,46,10
304,39,4
305,38,2
306,41,7
307,36,1
308,40,2
309,38,1
310,47,9
311,35,5
312,48,9
313,40,2
314,42,4
315,54,18
316,45,7
317,45,5
318,41,4
319,41,5
320,36,2
321,34,1
322,42,3
323,35,3
324,42,4
325,38,4
326,38,3
327,47,10
328,44,6
329,31,2
330,41,9
331,41,7
332,44,3
333,43,6
334,40,8
335,38,2
336,46,7
337,33,1
338,40,5
339,37,4
340,41,7
341,45,5
342,45,7
343,41,4
344,39,4
345,48,5
346,43,8
347,34,2
348,37,5
349,47,6
350,47,5
351,44,7
352,41,5
353,45,6
354,48,7
355,43,8
356,38,4
357,33,1
358,41,4
359,40,3
360,47,11
361,45,10
362,47,6
363,46,6
364,47,4
365,42,5
366,50,13
367,40,0
368,45,7
369,48,10
370,53,12
371,40,8
372,46,9
373,42,8
374,35,1
375,41,5
376,30,0
377,45,5
378,39,2
379,38,2
380,43,7
381,46,13
382,36,6
383,35,1
384,32,1
385,40,6
386,41,9
387,39,3
388,43,8
389,35,0
390,40,6
391,44,3
392,56,16
393,41,2
394,42,4
395,49,10
396,44,6
397,46,7
398,53,17
399,42,9
400,40,3
401,47,10
402,35,2
403,40,5
404,47,8
405,39,5
406,41,3
407,35,2
408,41,10
409,39,5
410,46,10
411,40,7
412,42,7
413,36,2
414,38,4
415,36,4
416,44,9
417,44,8
418,38,4
419,36,3
420,37,3
421,45,9
422,44,8
423,42,9
424,39,6
425,49,11
426,44,6
427,37,3
428,48,7
429,36,1
430,37,4
431,53,9
432,39,2
433,47,13
434,38,5
435,42,3
436,38,3
437,41,4
438,40,4
439,34,2
440,38,3
441,41,5
442,41,6
443,44,4
444,35,1
445,37,3
446,38,2
447,35,1
448,35,3
449,41,6
450,44,4
451,39,5
452,48,8
453,40,6
454,42,6
455,38,3
456,36,0
457,43,7
458,45,8
459,35,1
460,51,11
461,45,6
462,41,5
463,45,10
464,34,3
465,41,3
466,41,5
467,37,2
468,46,9
469,40,6
470,39,2
471,41,2
472,42,5
473,44,7
474,47,10
475,40,2
476,42,6
477,51,11
478,37,3
479,43,9
480,37,1
481,39,1
482,33,1
483,40,2
484,39,7
485,44,8
486,41,7
487,34,1
488,41,5
489,44,13
490,51,12
491,52,11
492,38,6
493,43,8
494,36,1
495,52,14
496,48,6
497,45,8
498,35,1
499,39,6
500,50,16
501,40,5
502,47,10
503,40,7
504,37,3
505,37,2
506,47,12
507,43,4
508,36,3
509,56,21
510,38,1
511,32,0
512,42,7
513,37,2
514,39,7
515,45,9
516,38,2
517,40,5
518,33,1
519,40,2
520,39,4
521,50,9
522,38,2
523,41,6
524,41,7
525,36,4
526,42,4
527,45,4
528,45,8
529,48,11
530,39,4
531,46,10
532,38,4
533,44,7
534,41,6
535,39,5
536,40,5
537,50,13
538,41,6
539,39,4
540,41,8
541,35,0
542,44,11
543,36,2
544,38,4
545,46,7
546,35,0
547,35,1
548,40,4
549,44,10
550,49,12
551,33,0
552,39,6
553,39,4
554,44,7
555,36,3
556,37,5
557,42,6
558,45,6
559,41,6
560,44,7
561,40,3
562,36,3
563,38,4
564,48,14
565,34,3
566,45,8
567,45,9
568,36,2
569,37,2
570,38,0
571,37,2
572,41,5
573,40,3
574,45,7
575,40,2
576,40,8
577,50,10
578,44,8
579,46,8
580,33,1
581,39,2
582,43,3
583,38,4
584,43,6
585,38,2
586,43,6
587,40,5
588,43,4
589,42,4
590,36,4
591,36,4
592,53,15
593,51,13
594,40,1
595,35,2
596,47,14
597,39,3
598,44,12
599,37,3
600,35,4
601,42,8
602,41,6
603,39,3
604,45,8
605,49,6
606,50,14
607,42,3
608,39,5
609,41,3
610,41,9
611,44,9
612,37,4
613,41,3
614,39,4
615,49,11
616,40,4
617,43,8
618,41,9
619,49,10
620,40,5
621,46,8
622,39,6
623,41,9
624,42,5
625,49,12
626,38,2
627,37,2
628,41,5
629,39,1
630,39,4
631,43,6
632,41,2
633,34,1
634,41,5
635,44,3
636,39,3
637,43,6
638,41,6
639,37,1
640,40,3
641,52,15
642,33,1
643,43,4
644,42,5
645,48,12
646,36,2
647,51,8
648,32,1
649,50,13
650,45,8
651,38,3
652,38,5
653,38,2
654,47,10
655,39,5
656,43,3
657,52,15
658,38,3
659,38,2
660,46,5
661,38,4
662,48,11
663,52,11
664,43,7
665,35,3
666,37,2
667,49,13
668,47,11
669,36,0
670,39,3
671,40,5
672,43,10
673,42,10
674,33,1
675,44,5
676,40,4
677,39,1
678,39,3
679,38,1
680,43,8
681,37,5
682,39,3
683,42,6
684,47,4
685,37,6
686,50,11
687,49,13
688,43,2
689,40,5
690,39,1
691,40,2
692,41,6
693,48,10
694,41,4
695,30,1
696,46,5
697,36,2
698,40,5
699,45,11
700,37,5
701,43,10
702,39,3
703,46,7
704,52,15
705,45,6
706,41,7
707,40,10
708,36,1
709,40,5
710,38,2
711,35,0
712,44,8
713,39,3
714,42,5
715,38,2
716,36,3
717,46,10
718,45,8
719,44,7
720,36,3
721,41,3
722,46,7
723,53,13
724,53,13
725,39,4
726,49,14
727,43,5
728,41,9
729,42,6
730,35,4
731,39,1
732,45,6
733,46,13
734,46,9
735,41,2
736,42,8
737,39,2
738,44,11
739,41,1
740,35,1
741,33,1
742,43,10
743,41,6
744,31,0
745,42,5
746,37,2
747,39,1
748,42,5
749,37,1
750,41,4
751,44,6
752,38,2
753,41,6
754,41,4
755,42,4
756,44,2
757,43,6
758,50,11
759,46,8
760,40,6
761,37,1
762,46,7
763,39,2
764,38,4
765,39,3
766,50,11
767,35,2
768,41,4
769,40,5
770,42,2
771,36,1
772,41,2
773,47,10
774,42,4
775,43,6
776,33,1
777,39,6
778,50,10
779,40,5
780,48,7
781,52,10
782,34,2
783,40,4
784,48,7
785,44,8
786,38,5
787,39,4
788,41,5
789,41,9
790,38,5
791,46,6
792,44,10
793,46,5
794,48,10
795,39,6
796,42,7
797,42,5
798,39,3
799,46,7
800,43,4
801,45,9
802,44,7
803,42,6
804,38,1
805,41,7
806,41,5
807,42,6
808,43,8
809,39,4
810,37,1
811,46,4
812,39,3
813,54,16
814,57,16
815,42,5
816,47,9
817,39,1
818,40,7
819,40,6
820,44,4
821,35,2
822,42,7
823,40,3
824,42,7
825,40,6
826,42,5
827,47,11
828,39,5
829,42,5
830,46,8
831,35,2
832,46,6
833,41,10
834,46,7
835,42,4
836,35,2
837,37,4
838,50,11
839,34,0
840,50,16
841,52,8
842,37,6
843,39,3
844,39,6
845,38,5
846,37,3
847,41,3
848,44,10
849,42,7
850,37,1
851,52,16
852,46,5
853,44,8
854,37,2
855,39,6
856,34,2
857,41,2
858,36,1
859,54,16
860,33,2
861,40,5
862,48,6
863,38,2
864,39,1
865,43,7
866,37,3
867,44,10
868,44,8
869,44,11
870,42,8
871,46,11
872,37,5
873,33,0
874,40,2
875,43,9
876,31,1
877,46,9
878,51,8
879,33,1
880,43,7
881,41,7
882,44,7
883,52,15
884,38,7
885,40,3
886,46,5
887,41,6
888,35,1
889,38,6
890,33,2
891,35,0
892,39,7
893,42,7
894,48,6
895,34,3
896,44,3
897,38,4
898,43,4
899,45,9
900,33,2
901,42,10
902,39,5
903,40,6
904,40,2
905,47,8
906,37,2
907,40,4
908,45,5
909,42,7
910,45,11
911,42,8
912,45,7
913,47,3
914,47,12
915,33,1
916,48,6
917,43,7
918,34,0
919,45,7
920,40,5
921,34,0
922,47,10
923,39,5
924,39,5
925,36,1
926,38,4
927,40,0
928,46,7
929,40,6
930,37,1
931,45,4
932,39,6
933,39,6
934,44,10
935,42,5
936,46,7
937,37,4
938,40,4
939,39,4
940,41,8
941,37,1
942,43,8
943,38,6
944,50,10
945,46,6
946,45,2
947,46,9
948,42,6
949,44,8
950,53,13
951,37,1
952,39,5
953,42,6
954,47,13
955,45,8
956,38,4
957,47,10
958,43,7
959,31,1
960,38,4
961,41,3
962,44,3
963,43,9
964,34,0
965,35,3
966,42,6
967,49,7
968,41,6
969,37,1
970,47,7
971,32,0
972,47,11
973,45,8
974,40,9
975,34,0
976,45,15
977,44,7
978,40,5
979,39,6
980,38,2
981,35,3
982,36,5
983,40,7
984,43,5
985,37,3
986,45,8
987,47,9
988,44,11
989,40,6
990,41,6
991,43,7
992,40,6
993,38,5
994,41,3
995,34,2
996,40,6
997,47,10
998,50,17
999,43,8
1000,39,4
