NUM,ATBAT,SCORE
1,56,14
2,45,6
3,52,13
4,44,10
5,54,14
6,43,7
7,40,3
8,36,2
9,46,12
10,48,5
11,56,17
12,41,6
13,56,15
14,45,9
15,47,16
16,45,7
17,50,12
18,44,10
19,44,8
20,50,13
21,45,4
22,47,6
23,54,16
24,43,8
25,48,12
26,47,10
27,44,7
28,44,10
29,53,11
30,43,10
31,51,11
32,51,11
33,52,8
34,49,13
35,45,12
36,42,7
37,39,5
38,48,10
39,47,4
40,40,4
41,52,11
42,41,7
43,38,2
44,53,11
45,42,6
46,62,18
47,42,3
48,51,15
49,53,14
50,45,7
51,47,7
52,48,9
53,43,6
54,45,6
55,38,2
56,41,4
57,47,12
58,46,11
59,52,12
60,44,6
61,39,5
62,41,5
63,53,7
64,41,8
65,52,10
66,43,7
67,35,2
68,48,8
69,46,11
70,50,12
71,42,8
72,47,10
73,49,9
74,39,5
75,43,9
76,40,3
77,52,14
78,42,6
79,47,10
80,36,2
81,51,11
82,50,11
83,44,6
84,42,9
85,46,9
86,37,2
87,42,4
88,51,7
89,42,8
90,44,7
91,41,2
92,46,6
93,48,10
94,55,12
95,53,12
96,40,4
97,46,9
98,42,6
99,42,8
100,44,11
101,53,9
102,42,5
103,58,9
104,50,10
105,45,4
106,41,8
107,47,8
108,56,12
109,38,1
110,56,19
111,49,12
112,51,13
113,44,8
114,36,3
115,43,5
116,46,11
117,48,9
118,44,2
119,43,9
120,46,5
121,50,17
122,39,4
123,48,10
124,47,13
125,38,4
126,58,19
127,39,4
128,50,10
129,53,13
130,67,28
131,51,9
132,48,9
133,41,5
134,37,1
135,50,10
136,52,13
137,47,8
138,43,10
139,41,2
140,46,9
141,44,7
142,44,7
143,45,5
144,40,2
145,44,6
146,43,10
147,44,4
148,46,8
149,44,7
150,46,8
151,37,5
152,48,9
153,38,5
154,55,10
155,58,17
156,50,9
157,45,8
158,44,8
159,51,8
160,51,14
161,40,5
162,45,7
163,51,13
164,42,4
165,38,1
166,39,4
167,46,7
168,52,12
169,47,11
170,48,12
171,45,13
172,46,5
173,39,3
174,40,4
175,39,1
176,47,7
177,44,9
178,39,8
179,49,10
180,56,17
181,47,9
182,50,11
183,55,18
184,51,18
185,49,13
186,42,6
187,35,2
188,50,10
189,42,7
190,55,15
191,55,14
192,41,7
193,43,8
194,43,8
195,45,6
196,43,9
197,49,15
198,45,5
199,43,7
200,37,5
201,48,11
202,50,13
203,48,11
204,47,11
205,44,12
206,47,8
207,39,4
208,43,7
209,40,1
210,41,4
211,40,5
212,52,21
213,45,5
214,51,14
215,46,11
216,36,5
217,63,25
218,34,3
219,44,10
220,48,9
221,38,2
222,42,7
223,49,14
224,56,17
225,45,13
226,43,9
227,42,7
228,58,19
229,49,12
230,43,8
231,44,11
232,42,2
233,43,8
234,53,12
235,48,13
236,48,4
237,49,14
238,51,14
239,53,12
240,43,9
241,52,17
242,40,4
243,43,8
244,56,19
245,40,8
246,41,4
247,39,4
248,44,8
249,55,18
250,51,11
251,49,14
252,38,5
253,38,4
254,48,8
255,45,7
256,51,13
257,41,7
258,43,7
259,40,3
260,54,19
261,55,16
262,40,8
263,42,8
264,45,6
265,43,9
266,51,15
267,40,4
268,43,14
269,44,6
270,48,9
271,44,5
272,45,7
273,44,14
274,43,8
275,55,14
276,49,9
277,44,9
278,44,7
279,39,6
280,43,5
281,51,11
282,39,4
283,42,5
284,44,9
285,43,5
286,40,6
287,53,15
288,49,11
289,43,3
290,47,11
291,48,8
292,39,6
293,47,12
294,54,19
295,46,7
296,43,7
297,41,5
298,46,4
299,41,5
300,48,13
301,47,10
302,44,13
303,46,5
304,44,4
305,42,7
306,43,8
307,40,6
308,46,11
309,47,8
310,58,18
311,38,3
312,34,3
313,34,1
314,42,3
315,44,6
316,44,9
317,53,10
318,44,5
319,48,12
320,43,10
321,41,4
322,39,3
323,53,17
324,53,11
325,52,15
326,44,10
327,51,9
328,62,28
329,47,13
330,47,11
331,49,13
332,55,12
333,48,8
334,47,7
335,47,5
336,53,15
337,57,17
338,45,8
339,35,1
340,37,1
341,39,9
342,45,5
343,42,7
344,50,17
345,44,5
346,50,11
347,55,19
348,44,6
349,51,11
350,46,7
351,38,6
352,38,4
353,44,4
354,42,6
355,49,15
356,44,5
357,45,8
358,47,8
359,41,5
360,41,6
361,43,8
362,52,11
363,47,8
364,53,15
365,38,0
366,37,3
367,44,6
368,57,16
369,48,9
370,41,4
371,51,13
372,41,4
373,44,7
374,53,14
375,61,20
376,41,8
377,50,9
378,51,14
379,57,16
380,47,9
381,48,7
382,45,10
383,44,8
384,48,11
385,46,14
386,44,8
387,47,9
388,45,7
389,48,11
390,52,9
391,46,11
392,44,7
393,48,11
394,50,12
395,49,6
396,43,8
397,45,11
398,42,2
399,61,20
400,38,2
401,42,5
402,43,9
403,54,17
404,39,4
405,35,2
406,48,10
407,48,10
408,58,16
409,51,17
410,60,28
411,49,10
412,40,4
413,51,15
414,49,12
415,46,7
416,47,10
417,48,8
418,48,5
419,53,14
420,45,9
421,53,11
422,46,7
423,48,13
424,42,5
425,40,5
426,62,21
427,46,6
428,45,5
429,57,16
430,44,11
431,53,11
432,41,1
433,49,13
434,56,17
435,49,14
436,46,8
437,40,5
438,44,7
439,45,10
440,49,11
441,49,12
442,45,8
443,36,3
444,46,8
445,52,17
446,51,16
447,46,10
448,45,6
449,42,4
450,58,17
451,51,9
452,48,8
453,46,12
454,42,2
455,43,4
456,56,17
457,43,5
458,46,10
459,50,17
460,51,11
461,56,16
462,35,0
463,48,5
464,41,5
465,52,16
466,49,10
467,38,2
468,48,6
469,50,10
470,48,11
471,51,12
472,47,12
473,39,1
474,50,12
475,48,9
476,52,13
477,42,5
478,44,5
479,45,5
480,46,9
481,38,3
482,40,6
483,44,5
484,41,5
485,44,9
486,50,9
487,46,6
488,46,11
489,53,8
490,49,8
491,56,12
492,44,7
493,48,13
494,47,7
495,49,11
496,40,1
497,41,4
498,38,2
499,49,9
500,48,6
501,49,12
502,55,14
503,51,10
504,53,12
505,49,14
506,51,11
507,45,11
508,41,6
509,50,5
510,37,2
511,46,9
512,44,4
513,38,4
514,45,12
515,51,10
516,41,4
517,38,1
518,35,2
519,55,12
520,44,7
521,47,5
522,48,8
523,40,4
524,52,14
525,64,23
526,40,9
527,38,5
528,44,4
529,45,11
530,56,12
531,41,4
532,39,7
533,44,6
534,51,14
535,54,16
536,47,6
537,46,7
538,42,2
539,45,4
540,42,8
541,45,7
542,36,4
543,43,6
544,40,2
545,44,7
546,47,9
547,44,8
548,46,11
549,48,7
550,48,9
551,55,13
552,50,6
553,36,1
554,39,6
555,40,8
556,48,11
557,53,13
558,55,18
559,46,5
560,45,8
561,52,14
562,37,3
563,44,4
564,46,8
565,56,23
566,47,10
567,48,11
568,43,2
569,60,20
570,46,2
571,48,8
572,49,13
573,42,4
574,48,7
575,52,13
576,56,13
577,53,16
578,53,13
579,41,4
580,50,9
581,56,16
582,54,11
583,39,4
584,53,13
585,70,28
586,35,3
587,34,3
588,46,9
589,47,8
590,42,9
591,63,18
592,60,20
593,59,17
594,50,14
595,52,13
596,48,9
597,43,7
598,50,16
599,51,8
600,42,8
601,34,0
602,45,6
603,43,10
604,41,10
605,46,9
606,51,12
607,51,11
608,51,17
609,55,15
610,56,18
611,35,1
612,50,8
613,50,13
614,45,8
615,52,17
616,53,11
617,50,10
618,47,12
619,41,5
620,51,12
621,46,5
622,52,14
623,47,7
624,56,17
625,56,16
626,45,11
627,46,14
628,49,11
629,46,11
630,57,19
631,46,12
632,49,11
633,50,15
634,44,7
635,52,14
636,45,10
637,57,19
638,48,8
639,41,8
640,54,14
641,43,9
642,41,7
643,42,6
644,47,6
645,50,12
646,48,9
647,42,12
648,38,3
649,34,3
650,49,11
651,44,8
652,45,10
653,37,2
654,36,2
655,52,6
656,40,2
657,51,10
658,53,13
659,44,12
660,43,5
661,47,8
662,47,12
663,50,10
664,44,6
665,43,9
666,42,9
667,53,17
668,58,18
669,56,17
670,55,19
671,38,5
672,42,4
673,51,10
674,45,6
675,47,7
676,56,19
677,40,4
678,42,3
679,50,8
680,43,6
681,53,16
682,41,6
683,43,6
684,50,9
685,45,5
686,45,7
687,42,5
688,56,17
689,47,6
690,42,7
691,55,16
692,45,5
693,40,5
694,58,24
695,52,16
696,44,8
697,48,12
698,48,10
699,46,5
700,40,4
701,46,12
702,43,7
703,47,11
704,39,3
705,37,4
706,51,17
707,48,6
708,44,9
709,41,7
710,46,7
711,39,5
712,44,5
713,44,7
714,53,17
715,37,0
716,51,14
717,50,12
718,41,4
719,48,8
720,53,9
721,57,15
722,43,9
723,53,12
724,43,6
725,45,10
726,46,12
727,50,8
728,47,9
729,37,2
730,41,6
731,62,25
732,44,8
733,44,9
734,46,8
735,46,8
736,54,14
737,44,6
738,41,5
739,62,21
740,56,17
741,40,8
742,55,15
743,47,8
744,53,13
745,54,10
746,39,6
747,49,8
748,52,10
749,46,7
750,59,20
751,60,25
752,40,3
753,46,5
754,61,25
755,47,13
756,48,13
757,42,6
758,46,10
759,50,9
760,44,8
761,43,3
762,46,14
763,44,7
764,43,8
765,46,10
766,51,10
767,49,14
768,49,11
769,48,12
770,42,6
771,58,21
772,62,20
773,41,7
774,51,13
775,45,5
776,48,9
777,43,7
778,53,16
779,38,2
780,40,1
781,56,9
782,42,7
783,49,15
784,40,1
785,41,4
786,59,21
787,53,15
788,40,6
789,47,4
790,47,12
791,47,12
792,41,3
793,46,11
794,42,5
795,40,3
796,47,8
797,41,2
798,44,3
799,43,6
800,47,9
801,57,23
802,44,3
803,32,3
804,43,3
805,46,7
806,47,5
807,41,1
808,61,19
809,51,13
810,53,15
811,43,8
812,52,13
813,49,10
814,54,16
815,47,12
816,49,15
817,44,6
818,45,5
819,43,3
820,40,2
821,45,7
822,37,5
823,44,4
824,54,14
825,43,4
826,54,15
827,44,9
828,45,6
829,46,5
830,53,17
831,46,4
832,42,6
833,52,15
834,44,5
835,43,6
836,52,16
837,42,6
838,43,5
839,45,6
840,51,11
841,51,4
842,39,5
843,43,6
844,54,13
845,52,11
846,50,11
847,36,2
848,51,6
849,43,10
850,46,7
851,46,7
852,47,8
853,46,9
854,45,9
855,43,7
856,49,8
857,41,7
858,52,16
859,56,17
860,48,13
861,46,12
862,45,10
863,50,11
864,44,8
865,48,13
866,46,6
867,45,7
868,34,0
869,49,11
870,46,9
871,41,2
872,43,3
873,52,14
874,46,7
875,61,19
876,33,0
877,53,14
878,40,6
879,51,13
880,54,12
881,40,5
882,55,17
883,51,13
884,52,12
885,34,2
886,35,1
887,44,9
888,51,16
889,40,4
890,44,6
891,37,1
892,45,7
893,41,10
894,40,4
895,44,7
896,63,22
897,36,2
898,42,4
899,43,9
900,50,7
901,56,18
902,55,11
903,48,5
904,43,5
905,42,5
906,43,10
907,39,4
908,51,13
909,42,6
910,53,14
911,37,1
912,50,9
913,56,13
914,47,7
915,47,10
916,47,13
917,33,2
918,53,17
919,54,13
920,50,10
921,52,12
922,51,14
923,51,17
924,49,8
925,46,14
926,43,7
927,42,8
928,37,3
929,42,5
930,55,14
931,40,6
932,46,8
933,47,8
934,40,4
935,45,3
936,36,2
937,46,11
938,55,20
939,45,11
940,39,4
941,40,2
942,40,5
943,49,14
944,42,4
945,48,10
946,43,4
947,51,9
948,55,18
949,46,9
950,49,14
951,43,11
952,47,11
953,57,17
954,37,4
955,50,15
956,45,10
957,49,7
958,44,5
959,44,8
960,49,6
961,40,3
962,48,9
963,34,2
964,46,6
965,51,11
966,47,11
967,53,12
968,45,10
969,40,4
970,49,15
971,49,11
972,50,17
973,44,6
974,41,6
975,44,4
976,42,4
977,47,12
978,46,5
979,43,4
980,40,6
981,51,14
982,47,8
983,43,7
984,48,10
985,57,17
986,44,8
987,61,18
988,46,10
989,44,6
990,47,9
991,50,14
992,51,11
993,44,5
994,42,4
995,44,8
996,51,15
997,43,7
998,46,11
999,39,7
1000,55,12
