NUM,ATBAT,SCORE
1,43,6
2,44,6
3,43,6
4,50,17
5,52,13
6,39,2
7,48,6
8,34,4
9,44,9
10,42,4
11,39,2
12,40,2
13,41,6
14,44,3
15,45,8
16,42,5
17,40,6
18,49,10
19,36,0
20,39,3
21,38,4
22,43,9
23,43,8
24,45,10
25,39,1
26,37,1
27,36,0
28,37,3
29,35,1
30,47,6
31,35,2
32,48,14
33,38,2
34,42,3
35,33,1
36,43,6
37,50,8
38,56,16
39,58,15
40,38,2
41,53,9
42,40,3
43,38,0
44,46,7
45,44,5
46,38,1
47,39,4
48,41,5
49,40,4
50,38,1
51,56,19
52,40,2
53,43,11
54,43,5
55,50,10
56,45,9
57,42,7
58,38,3
59,44,3
60,45,6
61,41,9
62,36,1
63,53,17
64,45,7
65,37,5
66,44,4
67,48,7
68,46,11
69,43,8
70,42,10
71,42,8
72,42,5
73,35,6
74,44,5
75,40,8
76,52,13
77,47,6
78,40,3
79,46,8
80,45,11
81,42,8
82,45,7
83,40,7
84,46,5
85,45,6
86,43,4
87,39,6
88,46,8
89,44,8
90,40,5
91,43,6
92,53,15
93,49,11
94,45,9
95,46,10
96,44,6
97,47,2
98,38,1
99,47,11
100,41,4
101,43,5
102,41,3
103,48,10
104,45,14
105,39,7
106,39,1
107,45,9
108,43,8
109,54,17
110,41,2
111,43,6
112,40,6
113,44,3
114,40,8
115,38,7
116,49,12
117,36,1
118,40,5
119,39,5
120,48,12
121,36,4
122,45,5
123,40,4
124,39,3
125,50,14
126,37,2
127,43,6
128,38,1
129,36,3
130,48,10
131,41,4
132,47,11
133,44,2
134,37,2
135,46,7
136,38,5
137,39,3
138,42,8
139,47,9
140,42,14
141,42,5
142,41,6
143,45,7
144,37,1
145,44,5
146,52,13
147,36,3
148,42,4
149,45,4
150,48,12
151,37,0
152,51,14
153,35,4
154,45,4
155,42,8
156,39,6
157,45,7
158,39,3
159,42,2
160,41,4
161,48,12
162,48,8
163,40,3
164,45,11
165,43,4
166,53,16
167,47,8
168,42,9
169,45,13
170,40,8
171,43,7
172,40,8
173,39,5
174,39,5
175,54,13
176,43,3
177,47,10
178,41,4
179,42,7
180,40,1
181,45,7
182,40,4
183,46,9
184,44,10
185,37,4
186,44,5
187,45,12
188,40,8
189,37,5
190,51,13
191,42,8
192,46,4
193,48,10
194,42,7
195,49,15
196,36,3
197,50,9
198,47,8
199,42,1
200,40,2
201,46,9
202,47,5
203,36,2
204,43,6
205,44,10
206,43,6
207,41,3
208,36,3
209,50,9
210,40,6
211,45,8
212,42,0
213,39,6
214,39,4
215,38,4
216,43,5
217,40,5
218,48,6
219,45,8
220,40,2
221,39,3
222,48,7
223,44,5
224,38,4
225,38,5
226,36,3
227,44,2
228,35,4
229,43,9
230,39,3
231,40,3
232,52,18
233,46,6
234,42,6
235,38,2
236,44,2
237,45,8
238,49,7
239,38,6
240,48,10
241,45,7
242,44,8
243,43,7
244,40,8
245,45,8
246,46,6
247,44,5
248,40,8
249,40,6
250,47,7
251,44,4
252,41,6
253,45,6
254,42,7
255,48,5
256,37,2
257,42,9
258,39,4
259,38,4
260,49,11
261,48,9
262,44,6
263,41,6
264,41,3
265,45,7
266,49,8
267,41,5
268,49,10
269,46,10
270,50,14
271,41,6
272,43,4
273,35,4
274,39,7
275,47,7
276,52,11
277,51,12
278,43,4
279,39,3
280,47,9
281,37,4
282,38,6
283,42,8
284,42,9
285,40,7
286,48,11
287,42,7
288,49,14
289,43,10
290,36,3
291,44,6
292,42,4
293,41,1
294,39,7
295,53,14
296,45,8
297,46,9
298,42,6
299,47,12
300,43,5
301,53,15
302,39,2
303,52,17
304,37,0
305,41,6
306,41,7
307,41,7
308,41,4
309,43,5
310,56,21
311,45,8
312,49,7
313,41,3
314,52,14
315,43,5
316,37,4
317,35,2
318,44,3
319,48,8
320,46,7
321,49,7
322,48,10
323,40,1
324,44,10
325,45,4
326,36,2
327,46,10
328,45,8
329,43,6
330,50,9
331,50,15
332,38,5
333,43,4
334,45,10
335,43,2
336,34,3
337,40,2
338,38,3
339,49,9
340,45,8
341,46,13
342,46,9
343,43,6
344,45,6
345,46,11
346,46,11
347,39,3
348,46,8
349,37,2
350,41,5
351,43,6
352,37,5
353,43,8
354,47,6
355,43,10
356,35,3
357,42,4
358,36,4
359,42,4
360,39,9
361,51,9
362,49,8
363,42,5
364,41,5
365,45,7
366,45,5
367,37,1
368,57,15
369,41,1
370,52,14
371,44,6
372,52,13
373,41,1
374,38,5
375,37,5
376,48,7
377,36,2
378,37,2
379,42,4
380,44,9
381,43,3
382,40,5
383,44,13
384,43,7
385,45,8
386,39,6
387,42,5
388,39,0
389,44,9
390,39,1
391,39,1
392,34,2
393,44,8
394,45,10
395,38,3
396,33,5
397,36,2
398,41,5
399,47,9
400,36,1
401,39,5
402,39,5
403,43,5
404,49,12
405,45,11
406,42,5
407,34,1
408,41,4
409,39,2
410,47,10
411,45,8
412,45,15
413,44,5
414,48,7
415,44,6
416,44,6
417,42,6
418,40,0
419,47,9
420,43,8
421,33,1
422,48,8
423,42,4
424,42,7
425,43,9
426,46,7
427,54,17
428,41,10
429,45,4
430,43,7
431,36,0
432,43,9
433,49,12
434,46,7
435,36,1
436,37,4
437,41,3
438,37,2
439,46,16
440,50,11
441,39,5
442,42,5
443,37,3
444,46,11
445,47,12
446,44,8
447,38,1
448,43,6
449,43,8
450,51,10
451,48,11
452,48,9
453,47,11
454,41,6
455,48,14
456,45,10
457,43,6
458,49,14
459,37,0
460,42,6
461,43,8
462,47,8
463,41,4
464,42,4
465,37,5
466,41,4
467,42,5
468,40,6
469,46,7
470,45,9
471,42,5
472,40,6
473,39,5
474,42,6
475,47,15
476,35,3
477,38,3
478,33,0
479,33,3
480,43,4
481,52,16
482,41,6
483,40,5
484,46,5
485,37,3
486,50,11
487,42,5
488,53,12
489,51,14
490,45,8
491,43,7
492,44,8
493,45,9
494,46,8
495,40,7
496,35,2
497,42,4
498,42,4
499,39,4
500,54,13
501,40,4
502,44,9
503,35,2
504,41,7
505,38,3
506,41,3
507,41,7
508,38,6
509,36,4
510,30,0
511,38,5
512,41,2
513,48,7
514,45,3
515,43,4
516,41,4
517,47,13
518,52,14
519,46,5
520,36,3
521,50,11
522,48,10
523,43,7
524,46,8
525,35,3
526,39,3
527,40,9
528,50,9
529,45,10
530,46,8
531,36,2
532,41,5
533,39,3
534,45,6
535,38,7
536,39,3
537,45,10
538,44,6
539,36,3
540,49,6
541,34,3
542,42,4
543,48,7
544,39,5
545,43,6
546,43,7
547,38,2
548,43,4
549,47,9
550,41,2
551,42,6
552,37,2
553,51,15
554,60,22
555,55,18
556,39,5
557,37,2
558,45,4
559,36,4
560,40,7
561,38,0
562,47,9
563,42,5
564,50,7
565,45,4
566,42,7
567,38,2
568,44,4
569,42,7
570,41,4
571,34,1
572,32,1
573,39,3
574,44,9
575,44,10
576,46,7
577,43,6
578,48,11
579,48,7
580,53,19
581,43,9
582,40,4
583,40,3
584,40,4
585,39,2
586,35,1
587,40,3
588,38,6
589,40,7
590,43,12
591,45,8
592,42,7
593,41,5
594,55,15
595,32,2
596,38,4
597,37,2
598,38,2
599,49,9
600,45,9
601,43,7
602,37,1
603,48,6
604,58,22
605,35,4
606,47,6
607,47,8
608,41,8
609,43,7
610,40,6
611,39,2
612,40,3
613,42,5
614,40,8
615,36,1
616,38,1
617,39,4
618,38,4
619,43,6
620,36,3
621,48,11
622,45,7
623,44,6
624,43,11
625,47,8
626,38,5
627,43,7
628,55,19
629,39,4
630,32,3
631,35,3
632,49,7
633,38,6
634,41,3
635,39,5
636,39,2
637,56,12
638,47,6
639,46,8
640,60,20
641,45,8
642,38,3
643,47,6
644,50,11
645,48,12
646,35,1
647,38,3
648,43,8
649,50,14
650,46,6
651,46,11
652,39,3
653,41,4
654,47,7
655,46,14
656,46,6
657,55,13
658,52,15
659,47,14
660,47,9
661,44,7
662,39,3
663,40,9
664,38,4
665,43,8
666,37,4
667,43,6
668,41,4
669,50,11
670,56,15
671,40,6
672,46,9
673,47,10
674,44,6
675,48,11
676,38,3
677,40,5
678,39,5
679,45,6
680,45,7
681,40,4
682,50,11
683,51,17
684,43,5
685,55,12
686,44,5
687,40,4
688,36,2
689,40,4
690,51,16
691,51,14
692,41,4
693,35,2
694,44,9
695,45,9
696,35,0
697,33,1
698,39,5
699,49,5
700,44,7
701,49,12
702,45,7
703,44,10
704,43,6
705,48,8
706,49,13
707,47,13
708,44,9
709,48,11
710,41,4
711,43,9
712,45,12
713,48,4
714,39,5
715,49,6
716,47,8
717,43,10
718,45,10
719,39,1
720,47,11
721,50,11
722,41,3
723,42,10
724,39,5
725,48,8
726,51,12
727,37,2
728,45,7
729,44,4
730,40,5
731,39,4
732,45,11
733,36,1
734,47,9
735,39,6
736,52,12
737,39,2
738,43,4
739,35,0
740,44,5
741,41,2
742,37,7
743,40,2
744,39,7
745,34,4
746,45,9
747,49,13
748,50,7
749,43,7
750,40,5
751,39,7
752,44,9
753,40,4
754,48,9
755,39,1
756,57,19
757,44,7
758,46,3
759,41,10
760,48,14
761,36,1
762,44,7
763,49,9
764,47,3
765,39,5
766,47,12
767,38,2
768,38,5
769,45,7
770,39,4
771,49,9
772,39,4
773,43,7
774,48,5
775,41,5
776,48,10
777,42,6
778,34,1
779,42,2
780,43,7
781,49,13
782,44,6
783,39,3
784,38,4
785,55,14
786,39,0
787,41,4
788,39,5
789,43,6
790,37,3
791,44,8
792,43,8
793,42,4
794,39,4
795,41,5
796,47,13
797,42,5
798,44,5
799,41,6
800,48,13
801,38,0
802,47,10
803,41,4
804,41,7
805,38,5
806,56,16
807,41,4
808,42,5
809,41,2
810,41,2
811,43,8
812,42,5
813,56,16
814,45,10
815,43,4
816,44,13
817,50,10
818,40,7
819,60,13
820,40,4
821,50,9
822,46,6
823,40,6
824,44,7
825,43,7
826,49,14
827,41,7
828,49,5
829,36,4
830,39,3
831,40,2
832,48,8
833,39,5
834,41,8
835,50,10
836,40,8
837,38,0
838,44,7
839,44,4
840,33,0
841,46,5
842,40,4
843,40,10
844,44,4
845,34,2
846,47,12
847,41,5
848,48,10
849,46,3
850,49,11
851,42,5
852,41,2
853,43,3
854,50,11
855,45,9
856,35,1
857,47,7
858,54,11
859,40,1
860,46,6
861,44,5
862,38,7
863,41,5
864,53,13
865,47,10
866,49,12
867,48,14
868,41,6
869,43,5
870,44,9
871,42,3
872,42,6
873,48,12
874,43,7
875,42,7
876,39,2
877,38,4
878,45,5
879,40,7
880,42,6
881,48,12
882,44,9
883,50,18
884,43,4
885,47,11
886,49,15
887,46,5
888,34,1
889,38,6
890,44,9
891,39,6
892,39,5
893,47,10
894,48,11
895,50,14
896,38,4
897,34,4
898,41,6
899,44,8
900,47,9
901,46,10
902,44,4
903,39,2
904,49,11
905,48,11
906,43,6
907,41,6
908,45,8
909,46,8
910,47,10
911,45,11
912,50,11
913,40,4
914,47,8
915,41,5
916,42,3
917,38,1
918,49,13
919,42,3
920,46,6
921,43,7
922,43,4
923,37,2
924,34,0
925,38,3
926,46,7
927,42,5
928,46,8
929,42,8
930,44,5
931,45,9
932,40,5
933,48,10
934,44,8
935,45,7
936,43,7
937,35,2
938,38,5
939,46,8
940,44,8
941,49,7
942,35,1
943,41,5
944,45,7
945,40,5
946,41,6
947,47,10
948,42,8
949,45,8
950,40,4
951,35,4
952,37,4
953,41,5
954,54,17
955,46,10
956,42,7
957,57,13
958,43,8
959,54,11
960,48,8
961,48,12
962,44,5
963,38,4
964,51,8
965,33,1
966,57,19
967,44,10
968,40,6
969,53,15
970,49,15
971,45,8
972,41,6
973,39,1
974,42,6
975,39,1
976,48,11
977,43,2
978,35,0
979,41,8
980,38,4
981,56,17
982,53,13
983,44,9
984,50,10
985,45,8
986,37,1
987,50,12
988,39,6
989,47,13
990,44,5
991,41,5
992,46,10
993,47,8
994,36,0
995,46,5
996,45,12
997,41,6
998,44,7
999,35,1
1000,41,4
