NUM,ATBAT,SCORE
1,35,2
2,38,1
3,40,4
4,40,3
5,38,2
6,41,6
7,39,4
8,39,2
9,45,7
10,41,2
11,44,4
12,42,6
13,34,0
14,41,3
15,40,5
16,36,0
17,36,0
18,37,5
19,41,1
20,34,0
21,36,1
22,36,1
23,39,4
24,44,9
25,39,3
26,36,2
27,40,2
28,36,1
29,36,2
30,39,4
31,37,0
32,37,2
33,36,2
34,39,4
35,39,2
36,39,4
37,39,2
38,46,8
39,39,4
40,33,1
41,41,4
42,43,7
43,41,7
44,39,3
45,44,4
46,43,9
47,36,4
48,38,1
49,37,1
50,33,0
51,42,8
52,38,2
53,39,2
54,40,6
55,36,2
56,41,8
57,42,7
58,32,0
59,37,3
60,40,4
61,37,0
62,34,0
63,38,3
64,45,5
65,42,3
66,37,2
67,38,4
68,37,3
69,35,3
70,40,4
71,39,8
72,29,0
73,37,2
74,36,3
75,37,0
76,38,1
77,37,2
78,55,16
79,46,7
80,37,2
81,42,4
82,45,5
83,40,3
84,40,3
85,39,4
86,37,2
87,45,9
88,36,0
89,40,3
90,35,1
91,38,3
92,38,0
93,34,2
94,45,8
95,34,2
96,44,6
97,39,2
98,38,1
99,37,1
100,39,3
101,37,3
102,32,0
103,39,3
104,42,5
105,37,0
106,37,3
107,42,6
108,36,1
109,32,0
110,39,3
111,34,0
112,38,6
113,37,1
114,38,1
115,33,3
116,35,1
117,38,2
118,38,3
119,39,3
120,33,1
121,32,0
122,38,2
123,53,14
124,39,4
125,37,3
126,36,3
127,39,0
128,37,2
129,44,7
130,44,4
131,39,2
132,38,3
133,37,3
134,38,3
135,41,3
136,34,0
137,38,2
138,39,2
139,40,2
140,37,3
141,36,3
142,43,5
143,39,2
144,42,7
145,47,8
146,37,3
147,41,0
148,36,1
149,45,8
150,43,9
151,41,8
152,38,4
153,41,3
154,44,8
155,38,3
156,44,8
157,35,1
158,40,4
159,42,5
160,35,1
161,36,1
162,40,3
163,45,10
164,35,1
165,37,3
166,51,12
167,46,2
168,35,1
169,52,14
170,40,2
171,44,6
172,35,0
173,35,1
174,41,5
175,45,5
176,38,3
177,38,3
178,42,2
179,34,3
180,39,3
181,41,2
182,33,0
183,37,3
184,44,5
185,42,7
186,46,5
187,36,0
188,41,1
189,40,5
190,39,4
191,41,6
192,34,2
193,36,1
194,37,3
195,38,5
196,41,4
197,34,3
198,33,0
199,40,4
200,44,5
201,33,1
202,36,2
203,37,5
204,37,1
205,46,3
206,44,5
207,37,1
208,37,1
209,48,12
210,40,4
211,37,4
212,31,0
213,33,1
214,42,4
215,35,6
216,43,6
217,37,3
218,33,2
219,40,3
220,42,7
221,39,2
222,34,2
223,37,0
224,38,1
225,30,0
226,50,9
227,38,3
228,43,4
229,37,2
230,37,4
231,44,3
232,48,6
233,41,1
234,38,2
235,44,4
236,41,2
237,36,1
238,38,1
239,37,1
240,55,12
241,37,2
242,37,1
243,32,0
244,42,4
245,39,2
246,36,0
247,37,3
248,34,2
249,42,3
250,39,1
251,38,1
252,44,5
253,36,1
254,38,3
255,40,4
256,33,0
257,41,5
258,36,0
259,38,2
260,39,0
261,35,4
262,32,0
263,33,0
264,40,2
265,43,7
266,40,3
267,36,2
268,33,0
269,36,3
270,46,6
271,37,0
272,47,8
273,45,6
274,40,2
275,40,2
276,42,2
277,39,0
278,36,2
279,35,0
280,35,2
281,44,5
282,40,2
283,36,1
284,34,2
285,41,3
286,37,1
287,40,3
288,39,3
289,36,2
290,33,1
291,46,5
292,42,4
293,37,3
294,40,4
295,35,1
296,45,5
297,40,3
298,40,2
299,43,4
300,37,2
301,44,7
302,40,2
303,35,2
304,41,3
305,34,0
306,42,2
307,38,2
308,42,5
309,35,0
310,40,2
311,34,0
312,39,2
313,40,6
314,38,0
315,37,1
316,38,5
317,34,0
318,38,3
319,39,2
320,39,4
321,47,12
322,45,7
323,34,0
324,37,3
325,36,2
326,37,0
327,43,3
328,38,2
329,37,3
330,46,7
331,49,11
332,35,2
333,35,1
334,34,0
335,40,1
336,36,1
337,39,4
338,36,1
339,54,11
340,39,8
341,41,2
342,41,6
343,38,2
344,41,5
345,52,13
346,36,1
347,40,7
348,33,0
349,51,12
350,39,4
351,39,2
352,36,0
353,42,0
354,43,7
355,35,2
356,38,2
357,41,1
358,40,7
359,46,9
360,37,1
361,38,1
362,37,0
363,36,2
364,44,5
365,41,5
366,32,1
367,42,6
368,42,4
369,41,2
370,41,4
371,43,7
372,43,10
373,43,4
374,38,1
375,40,4
376,38,3
377,36,2
378,36,0
379,41,3
380,35,1
381,38,0
382,35,2
383,37,0
384,41,1
385,36,2
386,38,7
387,42,3
388,39,2
389,36,1
390,36,0
391,38,6
392,35,0
393,35,1
394,42,2
395,41,4
396,36,2
397,38,5
398,36,0
399,37,2
400,42,4
401,39,4
402,45,8
403,39,4
404,47,7
405,38,0
406,38,1
407,46,10
408,36,6
409,38,3
410,40,3
411,44,6
412,37,1
413,39,5
414,34,1
415,36,0
416,39,1
417,35,3
418,38,5
419,48,5
420,40,5
421,44,7
422,49,8
423,38,2
424,37,1
425,46,12
426,33,2
427,44,6
428,39,6
429,35,0
430,42,3
431,37,3
432,44,5
433,34,2
434,34,1
435,42,7
436,31,0
437,30,0
438,47,4
439,34,0
440,47,10
441,37,2
442,47,9
443,41,4
444,39,2
445,46,7
446,40,1
447,40,3
448,51,15
449,37,1
450,35,2
451,34,1
452,33,2
453,44,6
454,42,4
455,34,1
456,41,2
457,39,3
458,42,5
459,41,3
460,38,0
461,45,7
462,34,0
463,42,8
464,44,5
465,35,2
466,40,4
467,39,1
468,41,3
469,43,5
470,37,0
471,38,1
472,39,3
473,38,5
474,36,3
475,42,6
476,41,4
477,39,3
478,38,3
479,42,2
480,33,0
481,50,12
482,41,0
483,36,0
484,40,3
485,40,5
486,36,3
487,36,3
488,41,4
489,46,6
490,34,1
491,38,2
492,42,4
493,41,4
494,38,1
495,37,4
496,44,8
497,35,1
498,39,6
499,34,0
500,36,1
501,42,2
502,31,0
503,41,7
504,44,3
505,40,4
506,35,0
507,41,4
508,39,4
509,31,0
510,34,3
511,39,1
512,37,1
513,36,1
514,36,2
515,38,2
516,35,3
517,33,1
518,44,5
519,38,3
520,35,0
521,39,3
522,40,4
523,37,3
524,39,2
525,37,6
526,38,3
527,37,1
528,36,1
529,37,2
530,47,9
531,43,4
532,35,1
533,40,2
534,37,4
535,47,6
536,37,0
537,37,1
538,42,2
539,43,6
540,40,5
541,34,2
542,42,4
543,40,4
544,35,1
545,36,3
546,53,12
547,36,0
548,40,1
549,36,4
550,45,8
551,47,7
552,35,4
553,36,4
554,39,5
555,38,1
556,44,6
557,42,7
558,41,4
559,37,0
560,37,1
561,39,3
562,40,6
563,38,0
564,39,2
565,35,1
566,44,3
567,32,0
568,43,6
569,33,0
570,34,1
571,37,3
572,44,9
573,40,5
574,35,2
575,44,4
576,36,2
577,36,4
578,36,1
579,46,7
580,39,4
581,40,5
582,41,4
583,41,5
584,54,13
585,39,4
586,34,0
587,42,3
588,38,2
589,42,2
590,42,3
591,43,6
592,46,6
593,36,3
594,33,0
595,38,1
596,38,2
597,37,1
598,45,5
599,41,3
600,39,0
601,33,2
602,38,3
603,38,2
604,45,6
605,32,1
606,33,0
607,42,4
608,44,5
609,41,4
610,42,6
611,37,3
612,40,4
613,36,3
614,41,9
615,35,1
616,34,2
617,46,10
618,44,3
619,42,4
620,33,0
621,36,1
622,39,1
623,33,0
624,41,5
625,45,8
626,36,2
627,36,1
628,43,5
629,34,1
630,51,14
631,37,2
632,30,0
633,35,5
634,34,0
635,51,10
636,44,10
637,41,1
638,30,0
639,36,2
640,36,3
641,48,7
642,39,5
643,38,1
644,36,3
645,40,0
646,36,2
647,37,4
648,35,1
649,44,5
650,40,7
651,38,3
652,45,6
653,38,3
654,40,4
655,41,4
656,44,5
657,33,0
658,29,1
659,37,1
660,43,3
661,37,4
662,40,1
663,45,6
664,49,6
665,43,6
666,38,1
667,37,3
668,44,6
669,40,7
670,36,3
671,40,5
672,43,9
673,40,5
674,38,2
675,37,2
676,47,11
677,40,2
678,45,8
679,44,4
680,42,7
681,50,8
682,37,0
683,41,1
684,44,8
685,34,1
686,43,5
687,43,3
688,41,3
689,40,4
690,41,10
691,36,1
692,41,7
693,37,3
694,37,2
695,36,1
696,39,5
697,41,8
698,35,2
699,34,1
700,41,2
701,38,2
702,44,8
703,41,4
704,39,1
705,54,12
706,41,4
707,37,2
708,45,4
709,33,0
710,42,3
711,43,5
712,40,4
713,35,2
714,31,1
715,38,4
716,41,3
717,39,0
718,40,3
719,48,8
720,40,4
721,40,3
722,39,2
723,41,4
724,43,3
725,39,1
726,33,0
727,37,0
728,34,2
729,45,8
730,29,0
731,38,2
732,34,2
733,38,4
734,38,3
735,43,3
736,35,0
737,40,3
738,39,2
739,39,3
740,41,6
741,41,3
742,41,4
743,34,1
744,37,3
745,38,3
746,34,2
747,40,5
748,48,9
749,37,1
750,43,5
751,38,4
752,40,4
753,41,8
754,34,1
755,41,7
756,40,3
757,40,2
758,34,1
759,41,4
760,41,9
761,44,3
762,39,2
763,39,0
764,46,7
765,40,4
766,34,2
767,39,3
768,42,6
769,36,2
770,39,3
771,34,2
772,38,3
773,36,1
774,36,3
775,31,0
776,37,2
777,41,4
778,35,2
779,42,6
780,34,0
781,40,4
782,35,0
783,41,7
784,39,0
785,37,2
786,36,2
787,35,3
788,34,0
789,32,0
790,45,8
791,38,3
792,41,5
793,35,2
794,34,2
795,40,4
796,35,1
797,36,0
798,41,5
799,46,7
800,31,0
801,37,2
802,36,2
803,36,0
804,34,0
805,45,5
806,35,0
807,37,1
808,37,5
809,36,5
810,33,1
811,38,1
812,38,4
813,42,3
814,38,3
815,37,1
816,40,2
817,45,8
818,41,5
819,45,5
820,38,3
821,39,2
822,41,4
823,37,7
824,36,0
825,37,2
826,33,1
827,35,2
828,34,2
829,41,3
830,41,3
831,44,6
832,42,4
833,32,0
834,37,1
835,43,5
836,40,3
837,41,3
838,39,2
839,39,3
840,44,4
841,35,2
842,34,0
843,44,4
844,40,4
845,40,6
846,39,2
847,46,4
848,40,3
849,36,0
850,45,8
851,39,5
852,39,3
853,38,1
854,33,1
855,34,0
856,39,2
857,37,3
858,42,4
859,39,3
860,43,6
861,47,11
862,39,5
863,40,4
864,33,0
865,32,0
866,36,3
867,42,5
868,38,3
869,41,5
870,37,2
871,42,4
872,58,21
873,35,2
874,40,3
875,43,4
876,41,3
877,37,5
878,41,4
879,39,1
880,42,5
881,31,2
882,35,1
883,33,0
884,38,1
885,49,6
886,38,0
887,43,4
888,40,6
889,32,1
890,40,5
891,34,1
892,34,0
893,36,3
894,32,1
895,39,3
896,37,2
897,36,1
898,36,0
899,38,4
900,35,0
901,45,3
902,42,4
903,37,1
904,40,5
905,33,0
906,40,3
907,44,5
908,48,10
909,32,1
910,37,0
911,44,7
912,37,1
913,32,0
914,40,4
915,43,3
916,30,0
917,39,0
918,36,2
919,45,4
920,40,4
921,33,0
922,44,2
923,39,2
924,41,3
925,37,2
926,32,1
927,37,1
928,36,1
929,38,1
930,44,3
931,39,6
932,37,0
933,43,5
934,38,2
935,38,3
936,37,2
937,41,3
938,43,6
939,50,9
940,42,8
941,33,0
942,33,3
943,41,5
944,33,0
945,42,7
946,34,0
947,37,1
948,36,2
949,42,5
950,41,4
951,34,0
952,40,5
953,39,2
954,39,2
955,32,0
956,39,4
957,46,10
958,39,2
959,37,6
960,44,8
961,36,2
962,35,0
963,36,1
964,42,3
965,37,2
966,35,2
967,39,1
968,42,9
969,38,1
970,36,2
971,42,6
972,39,1
973,41,3
974,47,8
975,38,1
976,34,2
977,40,3
978,38,4
979,37,3
980,48,10
981,32,0
982,38,4
983,41,2
984,43,3
985,40,1
986,43,1
987,36,1
988,31,0
989,35,1
990,41,4
991,38,4
992,43,6
993,32,1
994,42,6
995,39,2
996,36,0
997,39,5
998,36,2
999,34,2
1000,37,1
