NUM,ATBAT,SCORE
1,41,2
2,49,6
3,44,5
4,38,0
5,42,4
6,41,1
7,42,2
8,53,6
9,46,3
10,46,5
11,54,14
12,39,1
13,36,0
14,40,2
15,60,15
16,45,2
17,43,5
18,40,1
19,38,3
20,45,3
21,44,2
22,35,1
23,44,3
24,54,11
25,41,2
26,39,5
27,45,3
28,43,2
29,49,7
30,50,3
31,39,0
32,39,1
33,38,4
34,47,6
35,44,5
36,49,9
37,42,3
38,47,9
39,45,5
40,51,9
41,43,4
42,52,12
43,45,8
44,55,9
45,47,9
46,36,0
47,44,5
48,48,5
49,44,6
50,43,2
51,48,6
52,35,0
53,44,4
54,41,1
55,41,4
56,40,1
57,37,0
58,41,3
59,48,5
60,46,6
61,43,2
62,43,6
63,39,2
64,43,5
65,42,2
66,44,3
67,34,1
68,44,5
69,48,8
70,49,5
71,55,12
72,51,3
73,43,4
74,49,8
75,51,6
76,46,6
77,43,2
78,43,2
79,47,8
80,43,3
81,43,6
82,41,2
83,45,4
84,49,8
85,38,1
86,57,14
87,48,3
88,54,14
89,54,13
90,37,2
91,44,7
92,35,1
93,38,3
94,46,8
95,55,17
96,46,5
97,42,1
98,41,5
99,43,1
100,48,7
101,48,4
102,39,3
103,49,6
104,42,6
105,46,6
106,45,3
107,45,4
108,40,0
109,43,4
110,52,8
111,50,9
112,42,5
113,43,6
114,56,15
115,55,12
116,47,7
117,41,2
118,40,2
119,48,6
120,50,10
121,47,4
122,43,5
123,35,0
124,41,3
125,43,4
126,49,10
127,49,8
128,39,0
129,42,3
130,56,14
131,44,2
132,40,0
133,41,4
134,40,3
135,52,7
136,47,5
137,50,7
138,44,4
139,41,3
140,46,8
141,38,3
142,37,2
143,54,9
144,43,2
145,50,12
146,51,4
147,41,3
148,36,2
149,44,2
150,41,3
151,49,9
152,40,2
153,49,5
154,59,16
155,43,3
156,41,1
157,38,0
158,35,0
159,46,4
160,52,7
161,45,3
162,39,2
163,45,6
164,48,5
165,43,3
166,43,1
167,57,14
168,40,2
169,40,1
170,44,4
171,43,1
172,42,6
173,37,0
174,60,15
175,44,3
176,41,3
177,47,9
178,37,1
179,53,9
180,51,7
181,45,6
182,49,4
183,39,4
184,38,1
185,43,0
186,44,4
187,45,3
188,42,3
189,38,2
190,44,4
191,40,3
192,43,5
193,37,4
194,43,2
195,50,9
196,49,9
197,41,4
198,41,1
199,53,13
200,39,1
201,31,0
202,36,0
203,50,7
204,40,5
205,42,3
206,48,7
207,50,9
208,58,15
209,43,3
210,40,4
211,46,3
212,46,7
213,49,6
214,49,8
215,38,1
216,42,2
217,40,0
218,49,11
219,41,3
220,56,17
221,44,5
222,49,12
223,44,6
224,47,9
225,53,13
226,55,11
227,39,5
228,47,8
229,48,5
230,42,4
231,44,7
232,40,1
233,44,6
234,42,5
235,49,7
236,37,2
237,54,14
238,42,3
239,41,3
240,44,6
241,44,5
242,36,1
243,40,0
244,45,5
245,44,3
246,51,6
247,44,2
248,40,1
249,43,4
250,41,3
251,41,3
252,37,0
253,42,3
254,40,4
255,40,3
256,40,3
257,42,4
258,41,2
259,54,9
260,43,4
261,31,0
262,38,0
263,47,3
264,43,4
265,41,2
266,36,0
267,46,7
268,52,10
269,45,3
270,42,3
271,47,3
272,51,8
273,47,9
274,50,6
275,50,5
276,49,8
277,45,5
278,47,4
279,43,3
280,62,20
281,47,7
282,44,3
283,42,1
284,51,9
285,45,7
286,46,9
287,40,2
288,44,5
289,41,5
290,56,9
291,40,4
292,45,3
293,42,5
294,43,4
295,38,1
296,32,0
297,40,1
298,44,4
299,38,1
300,44,7
301,50,10
302,44,8
303,41,2
304,39,2
305,40,2
306,47,5
307,45,5
308,40,1
309,41,3
310,46,8
311,50,10
312,36,1
313,41,2
314,41,5
315,53,8
316,49,9
317,41,1
318,50,7
319,42,3
320,40,2
321,35,3
322,39,2
323,38,0
324,42,2
325,42,3
326,44,7
327,44,3
328,40,3
329,41,2
330,50,8
331,30,0
332,38,2
333,40,2
334,45,8
335,45,6
336,44,6
337,40,1
338,54,9
339,41,2
340,43,2
341,42,5
342,41,2
343,52,9
344,42,4
345,34,1
346,46,4
347,44,3
348,43,2
349,32,0
350,49,11
351,47,5
352,48,6
353,39,4
354,50,7
355,46,7
356,49,6
357,54,13
358,49,6
359,48,5
360,45,6
361,46,8
362,45,5
363,49,11
364,45,3
365,41,2
366,40,2
367,45,2
368,45,5
369,46,4
370,42,3
371,43,3
372,42,5
373,44,3
374,56,7
375,36,1
376,44,5
377,40,0
378,38,2
379,47,4
380,45,5
381,44,2
382,47,3
383,53,13
384,44,6
385,43,3
386,50,11
387,46,5
388,51,4
389,43,5
390,45,4
391,44,2
392,43,3
393,47,6
394,47,4
395,53,11
396,56,12
397,44,6
398,46,5
399,48,3
400,40,2
401,34,0
402,48,7
403,44,4
404,49,8
405,47,8
406,44,7
407,40,1
408,39,2
409,42,6
410,39,2
411,56,18
412,42,2
413,41,3
414,48,6
415,39,0
416,45,5
417,43,3
418,44,4
419,43,7
420,40,2
421,36,0
422,47,7
423,40,1
424,48,5
425,40,1
426,44,4
427,34,2
428,45,5
429,51,13
430,39,2
431,43,0
432,44,4
433,43,5
434,48,8
435,50,10
436,39,3
437,52,10
438,39,3
439,42,1
440,38,1
441,41,1
442,53,10
443,54,12
444,49,11
445,42,4
446,44,6
447,44,2
448,44,4
449,54,9
450,40,2
451,45,5
452,43,5
453,47,6
454,64,20
455,41,0
456,46,8
457,45,5
458,51,8
459,40,0
460,45,5
461,43,6
462,49,5
463,38,1
464,50,5
465,52,9
466,48,6
467,48,9
468,42,2
469,40,0
470,36,0
471,42,1
472,49,9
473,44,3
474,46,7
475,52,6
476,39,0
477,44,7
478,47,7
479,46,6
480,44,5
481,50,5
482,43,3
483,43,5
484,38,0
485,45,3
486,41,4
487,48,6
488,45,3
489,41,0
490,44,6
491,37,2
492,41,3
493,40,2
494,39,1
495,51,9
496,36,0
497,38,2
498,48,7
499,42,3
500,48,11
501,42,3
502,38,5
503,50,7
504,50,8
505,52,9
506,40,4
507,40,4
508,47,4
509,41,1
510,39,0
511,37,1
512,43,4
513,48,6
514,55,13
515,44,4
516,42,1
517,38,0
518,44,3
519,56,8
520,45,5
521,34,1
522,46,5
523,38,3
524,54,9
525,34,1
526,38,0
527,41,2
528,52,6
529,39,2
530,35,0
531,48,4
532,46,8
533,42,3
534,35,0
535,41,3
536,52,11
537,39,3
538,56,12
539,48,3
540,46,5
541,43,3
542,41,3
543,42,4
544,48,6
545,48,7
546,43,3
547,40,4
548,37,0
549,46,3
550,46,1
551,43,6
552,41,3
553,35,0
554,43,5
555,46,5
556,35,3
557,36,2
558,42,4
559,42,3
560,54,11
561,43,8
562,46,6
563,40,5
564,44,4
565,52,12
566,52,10
567,51,9
568,53,10
569,44,4
570,47,3
571,45,2
572,49,5
573,37,0
574,38,1
575,38,3
576,40,0
577,42,4
578,36,1
579,36,0
580,35,1
581,55,13
582,42,6
583,46,6
584,44,3
585,39,3
586,50,8
587,45,6
588,38,0
589,41,1
590,44,4
591,41,1
592,42,0
593,53,10
594,55,10
595,38,2
596,42,2
597,42,5
598,41,3
599,40,6
600,54,11
601,36,0
602,42,3
603,49,7
604,37,0
605,49,6
606,43,5
607,43,6
608,57,11
609,38,0
610,46,5
611,45,6
612,40,5
613,40,3
614,44,7
615,56,14
616,41,1
617,41,2
618,43,5
619,47,7
620,41,3
621,38,2
622,56,14
623,43,4
624,48,5
625,48,9
626,50,12
627,53,11
628,40,4
629,42,2
630,39,1
631,47,6
632,54,8
633,37,0
634,46,6
635,51,10
636,43,2
637,50,6
638,38,0
639,39,1
640,42,2
641,49,10
642,38,0
643,41,3
644,46,5
645,43,3
646,37,1
647,45,4
648,47,4
649,41,3
650,42,3
651,37,1
652,43,3
653,44,6
654,40,0
655,38,0
656,47,3
657,47,6
658,41,1
659,46,4
660,45,4
661,49,5
662,47,5
663,40,1
664,47,8
665,46,7
666,41,3
667,36,1
668,48,11
669,49,11
670,42,4
671,42,1
672,41,3
673,41,2
674,38,1
675,47,3
676,40,5
677,43,9
678,44,4
679,44,5
680,39,1
681,49,4
682,35,0
683,42,6
684,47,4
685,37,1
686,61,17
687,47,5
688,44,4
689,41,4
690,46,6
691,46,2
692,50,7
693,41,2
694,46,5
695,47,2
696,43,7
697,46,5
698,45,4
699,47,6
700,43,4
701,50,5
702,48,5
703,39,3
704,42,3
705,49,5
706,47,5
707,53,9
708,39,1
709,45,5
710,44,4
711,46,5
712,46,5
713,39,0
714,46,6
715,52,6
716,55,13
717,52,6
718,48,6
719,51,6
720,42,3
721,44,1
722,52,9
723,52,10
724,45,4
725,40,1
726,46,6
727,40,2
728,48,5
729,42,2
730,44,5
731,45,4
732,48,8
733,37,0
734,46,8
735,38,4
736,37,0
737,47,1
738,40,3
739,52,10
740,41,3
741,44,8
742,42,3
743,41,6
744,48,6
745,39,2
746,35,1
747,46,8
748,41,3
749,51,8
750,42,3
751,45,6
752,48,4
753,45,4
754,45,3
755,38,1
756,50,6
757,37,0
758,37,1
759,43,1
760,40,3
761,47,7
762,43,6
763,47,6
764,46,5
765,46,4
766,46,5
767,41,3
768,37,1
769,50,9
770,47,8
771,48,6
772,41,3
773,40,3
774,42,3
775,43,4
776,35,2
777,47,5
778,55,11
779,44,6
780,40,2
781,45,6
782,37,2
783,48,5
784,54,9
785,38,1
786,43,3
787,50,9
788,52,10
789,41,5
790,43,8
791,41,0
792,41,5
793,41,0
794,41,1
795,45,3
796,33,0
797,47,6
798,46,6
799,38,2
800,50,7
801,53,11
802,48,5
803,47,4
804,38,0
805,48,6
806,40,2
807,42,6
808,41,6
809,49,8
810,47,5
811,46,10
812,37,3
813,43,3
814,44,7
815,41,5
816,53,7
817,46,4
818,44,3
819,48,5
820,43,5
821,51,10
822,43,2
823,44,4
824,49,5
825,41,2
826,46,6
827,43,6
828,50,7
829,31,2
830,46,5
831,50,7
832,39,2
833,36,3
834,50,4
835,32,0
836,59,11
837,44,5
838,44,5
839,43,2
840,48,7
841,45,4
842,36,1
843,46,6
844,38,0
845,50,8
846,39,1
847,48,9
848,49,7
849,39,2
850,37,0
851,35,3
852,51,6
853,39,4
854,42,5
855,49,3
856,59,12
857,43,6
858,44,6
859,49,6
860,40,1
861,53,10
862,49,3
863,48,9
864,40,5
865,44,4
866,48,5
867,43,3
868,42,3
869,56,13
870,34,1
871,43,7
872,44,5
873,42,2
874,39,2
875,39,1
876,45,3
877,43,0
878,44,3
879,47,4
880,42,2
881,40,3
882,45,5
883,43,3
884,51,12
885,41,2
886,50,7
887,45,5
888,38,3
889,40,4
890,45,5
891,50,5
892,46,8
893,38,5
894,42,4
895,38,2
896,51,12
897,37,3
898,41,3
899,47,8
900,40,4
901,53,11
902,45,8
903,45,5
904,46,5
905,40,2
906,39,4
907,40,4
908,46,10
909,49,5
910,46,7
911,42,2
912,38,2
913,43,3
914,47,5
915,42,2
916,43,1
917,41,1
918,48,6
919,48,6
920,40,3
921,40,1
922,43,1
923,49,7
924,54,11
925,56,12
926,40,2
927,44,3
928,33,0
929,43,4
930,43,5
931,36,0
932,46,6
933,40,4
934,44,7
935,38,3
936,60,16
937,45,4
938,49,8
939,41,3
940,57,14
941,39,1
942,40,0
943,44,2
944,40,3
945,48,5
946,40,2
947,52,10
948,46,6
949,45,5
950,56,13
951,42,4
952,50,9
953,45,4
954,46,7
955,40,1
956,39,3
957,42,1
958,47,8
959,43,7
960,44,5
961,34,0
962,45,2
963,41,6
964,38,1
965,37,2
966,44,2
967,38,1
968,46,5
969,39,3
970,49,8
971,40,2
972,54,11
973,43,2
974,45,4
975,43,2
976,48,8
977,39,3
978,43,3
979,43,2
980,39,0
981,41,3
982,49,6
983,50,6
984,39,0
985,52,9
986,42,4
987,42,5
988,50,8
989,41,3
990,45,4
991,45,6
992,44,5
993,46,6
994,45,4
995,40,0
996,48,9
997,33,0
998,53,9
999,39,1
1000,44,7
