NUM,ATBAT,SCORE
1,44,5
2,38,5
3,45,7
4,38,5
5,38,3
6,44,10
7,38,4
8,41,4
9,38,4
10,52,12
11,41,5
12,43,7
13,39,3
14,47,14
15,33,2
16,43,8
17,40,7
18,38,5
19,42,6
20,39,7
21,43,4
22,46,6
23,37,1
24,42,6
25,41,2
26,40,5
27,34,4
28,51,8
29,36,2
30,33,1
31,36,1
32,40,2
33,45,0
34,40,1
35,39,2
36,38,1
37,43,7
38,50,9
39,40,2
40,37,1
41,43,7
42,44,7
43,40,6
44,38,2
45,47,9
46,35,1
47,38,2
48,43,3
49,45,7
50,33,1
51,44,7
52,35,2
53,46,6
54,40,4
55,40,2
56,39,4
57,39,4
58,34,2
59,42,6
60,47,8
61,44,13
62,51,10
63,41,7
64,37,3
65,48,6
66,40,4
67,35,0
68,45,8
69,41,3
70,45,6
71,37,3
72,38,2
73,35,0
74,45,7
75,36,4
76,48,7
77,35,0
78,45,9
79,38,1
80,42,5
81,43,7
82,46,11
83,36,3
84,44,5
85,38,1
86,33,1
87,49,16
88,41,7
89,44,8
90,40,5
91,45,7
92,44,6
93,45,6
94,40,2
95,39,0
96,45,4
97,36,1
98,35,1
99,39,4
100,45,5
101,46,7
102,45,5
103,45,7
104,39,3
105,49,7
106,48,14
107,43,8
108,41,6
109,44,4
110,53,9
111,35,0
112,36,0
113,41,8
114,33,1
115,42,4
116,43,6
117,39,5
118,42,6
119,39,5
120,36,1
121,38,4
122,43,4
123,47,6
124,45,8
125,41,2
126,32,0
127,34,0
128,36,1
129,39,4
130,34,0
131,43,1
132,45,5
133,39,5
134,44,6
135,35,1
136,43,4
137,37,3
138,39,5
139,42,5
140,42,5
141,41,7
142,44,9
143,38,2
144,42,5
145,44,6
146,39,3
147,37,4
148,38,1
149,38,4
150,40,7
151,42,7
152,36,2
153,33,0
154,38,3
155,42,6
156,42,7
157,51,8
158,44,8
159,37,4
160,39,4
161,41,2
162,36,1
163,44,10
164,36,2
165,37,2
166,39,4
167,40,7
168,49,13
169,39,3
170,45,7
171,41,2
172,44,6
173,39,1
174,45,7
175,42,6
176,39,4
177,33,3
178,39,2
179,36,2
180,45,10
181,34,0
182,43,5
183,34,4
184,38,6
185,40,6
186,45,3
187,48,9
188,39,0
189,37,2
190,48,11
191,37,2
192,39,3
193,34,0
194,45,6
195,39,3
196,35,2
197,40,2
198,49,9
199,47,9
200,32,1
201,33,1
202,47,4
203,44,5
204,34,0
205,39,3
206,34,0
207,41,2
208,44,7
209,43,5
210,32,0
211,32,1
212,39,1
213,40,3
214,39,1
215,41,3
216,51,7
217,38,3
218,39,4
219,40,2
220,39,1
221,40,1
222,43,9
223,39,2
224,34,4
225,39,1
226,40,2
227,43,8
228,44,7
229,40,4
230,37,4
231,39,1
232,43,6
233,38,3
234,39,3
235,44,6
236,42,4
237,34,1
238,42,5
239,38,1
240,37,4
241,41,4
242,50,9
243,41,6
244,41,4
245,41,10
246,41,4
247,38,0
248,41,6
249,35,4
250,42,9
251,34,3
252,38,2
253,42,2
254,37,3
255,37,3
256,43,5
257,40,4
258,43,3
259,41,4
260,40,0
261,37,1
262,41,5
263,40,3
264,50,10
265,41,3
266,53,11
267,46,6
268,37,0
269,47,10
270,42,3
271,42,6
272,47,8
273,41,5
274,42,10
275,43,5
276,44,3
277,42,3
278,38,3
279,40,3
280,41,2
281,39,6
282,49,11
283,44,7
284,40,5
285,42,3
286,34,0
287,44,9
288,38,3
289,42,7
290,45,2
291,45,6
292,54,15
293,38,1
294,47,7
295,57,15
296,43,7
297,45,7
298,47,9
299,39,6
300,42,3
301,45,10
302,47,7
303,54,13
304,37,2
305,40,6
306,48,6
307,48,11
308,42,6
309,48,6
310,44,5
311,39,2
312,39,4
313,41,4
314,36,2
315,47,6
316,47,13
317,41,2
318,44,3
319,42,3
320,40,4
321,40,4
322,42,3
323,40,4
324,48,9
325,39,2
326,35,1
327,38,3
328,35,2
329,54,12
330,40,5
331,45,5
332,49,12
333,34,3
334,40,5
335,45,5
336,49,7
337,39,4
338,39,2
339,41,4
340,37,0
341,56,12
342,41,3
343,44,6
344,43,4
345,39,2
346,51,8
347,40,1
348,41,4
349,48,10
350,44,5
351,42,6
352,38,3
353,41,2
354,39,4
355,47,11
356,41,3
357,42,6
358,47,10
359,42,4
360,42,6
361,44,5
362,33,0
363,35,3
364,42,5
365,39,3
366,44,8
367,49,8
368,44,9
369,42,2
370,60,20
371,42,5
372,47,13
373,49,10
374,47,9
375,45,8
376,51,13
377,38,4
378,48,10
379,35,0
380,42,5
381,49,16
382,42,2
383,42,5
384,35,2
385,38,6
386,44,3
387,46,5
388,49,8
389,41,1
390,47,8
391,38,2
392,36,4
393,46,6
394,37,2
395,36,1
396,37,2
397,37,0
398,36,4
399,47,9
400,30,1
401,41,6
402,40,1
403,34,0
404,46,11
405,41,2
406,42,4
407,38,6
408,40,1
409,41,5
410,45,6
411,41,2
412,44,10
413,38,5
414,39,3
415,50,7
416,35,5
417,39,1
418,52,16
419,41,5
420,54,14
421,42,5
422,40,4
423,37,3
424,37,1
425,46,8
426,40,4
427,50,10
428,43,5
429,42,4
430,38,3
431,38,4
432,43,7
433,47,12
434,35,2
435,45,7
436,43,4
437,42,4
438,41,1
439,47,8
440,46,6
441,38,3
442,36,5
443,42,10
444,38,1
445,43,8
446,47,10
447,42,2
448,42,4
449,51,10
450,45,5
451,39,3
452,45,6
453,38,3
454,37,3
455,41,6
456,42,3
457,54,10
458,46,8
459,35,1
460,41,4
461,41,5
462,37,4
463,36,1
464,43,5
465,51,12
466,38,4
467,30,0
468,40,1
469,36,4
470,42,5
471,43,7
472,43,8
473,38,5
474,45,7
475,38,2
476,46,8
477,36,3
478,41,3
479,43,5
480,45,8
481,33,0
482,40,3
483,32,0
484,43,5
485,35,0
486,38,1
487,42,3
488,35,1
489,40,3
490,37,3
491,43,5
492,49,7
493,40,5
494,38,3
495,46,6
496,38,2
497,52,13
498,50,13
499,46,6
500,37,2
501,49,9
502,39,4
503,36,2
504,37,1
505,36,3
506,36,4
507,46,6
508,36,4
509,46,6
510,54,15
511,40,4
512,35,2
513,38,3
514,37,0
515,43,2
516,37,2
517,51,16
518,45,5
519,39,5
520,40,2
521,43,11
522,37,3
523,39,3
524,38,2
525,43,5
526,48,8
527,45,4
528,41,1
529,37,5
530,34,1
531,43,7
532,39,1
533,38,0
534,42,3
535,51,10
536,41,5
537,40,2
538,41,4
539,44,6
540,45,6
541,46,7
542,42,1
543,44,5
544,42,4
545,38,1
546,42,4
547,43,5
548,33,1
549,44,5
550,48,11
551,39,5
552,45,6
553,37,1
554,41,4
555,42,6
556,41,7
557,43,4
558,37,1
559,40,5
560,41,2
561,47,8
562,38,2
563,42,1
564,33,0
565,39,5
566,34,0
567,36,4
568,41,4
569,38,1
570,45,7
571,40,4
572,36,2
573,47,12
574,38,0
575,34,2
576,40,1
577,40,6
578,34,1
579,38,3
580,35,3
581,45,6
582,40,5
583,48,11
584,43,4
585,38,6
586,46,8
587,39,7
588,41,4
589,42,3
590,45,4
591,39,6
592,36,2
593,37,2
594,39,3
595,42,7
596,40,3
597,47,10
598,44,8
599,37,2
600,42,3
601,41,3
602,38,3
603,42,5
604,39,5
605,45,8
606,42,4
607,39,2
608,49,6
609,35,2
610,51,11
611,49,6
612,40,2
613,43,4
614,47,10
615,37,2
616,45,4
617,54,14
618,40,5
619,51,8
620,43,10
621,41,4
622,34,1
623,39,2
624,48,10
625,39,5
626,40,3
627,38,3
628,40,4
629,42,4
630,42,7
631,36,1
632,37,2
633,42,5
634,36,1
635,45,5
636,44,7
637,42,3
638,43,6
639,36,1
640,41,1
641,36,2
642,42,3
643,51,12
644,35,4
645,40,2
646,40,4
647,39,7
648,47,7
649,49,11
650,44,9
651,47,5
652,39,5
653,39,6
654,47,8
655,36,1
656,52,10
657,41,4
658,34,0
659,38,2
660,44,10
661,40,4
662,35,1
663,37,1
664,35,1
665,44,5
666,39,4
667,38,2
668,36,2
669,41,2
670,45,7
671,41,8
672,37,1
673,45,9
674,39,2
675,38,3
676,55,12
677,34,1
678,41,4
679,42,4
680,45,3
681,49,12
682,35,0
683,40,8
684,49,12
685,49,9
686,39,3
687,42,2
688,40,5
689,45,6
690,36,2
691,41,4
692,43,5
693,37,2
694,47,12
695,41,1
696,38,4
697,39,2
698,42,4
699,43,9
700,34,1
701,39,7
702,43,5
703,49,4
704,39,4
705,38,5
706,40,3
707,35,6
708,44,5
709,43,4
710,42,1
711,37,3
712,33,0
713,34,2
714,38,1
715,40,2
716,38,4
717,39,5
718,38,4
719,41,6
720,39,3
721,39,4
722,46,8
723,47,10
724,39,5
725,45,5
726,46,9
727,42,4
728,40,3
729,45,8
730,42,4
731,42,5
732,44,7
733,47,12
734,44,5
735,38,3
736,45,7
737,36,1
738,39,7
739,44,4
740,39,1
741,54,16
742,34,1
743,46,7
744,42,3
745,36,0
746,36,3
747,37,0
748,36,2
749,36,1
750,37,3
751,46,6
752,44,3
753,36,1
754,33,2
755,51,15
756,37,2
757,39,5
758,38,2
759,43,3
760,45,6
761,42,5
762,38,2
763,43,4
764,48,8
765,47,11
766,37,1
767,44,4
768,38,1
769,36,1
770,50,13
771,43,7
772,45,12
773,42,5
774,39,3
775,42,1
776,46,5
777,40,4
778,43,3
779,40,10
780,40,1
781,41,2
782,43,7
783,48,7
784,38,6
785,42,10
786,52,11
787,36,3
788,41,5
789,51,9
790,43,5
791,35,0
792,47,7
793,52,10
794,42,6
795,36,3
796,39,2
797,36,1
798,40,3
799,39,1
800,39,3
801,56,11
802,39,4
803,38,4
804,38,3
805,39,4
806,47,3
807,34,3
808,44,5
809,42,3
810,38,2
811,42,3
812,37,2
813,46,6
814,38,3
815,57,17
816,39,5
817,38,2
818,38,2
819,49,9
820,39,4
821,48,11
822,46,5
823,40,4
824,38,2
825,39,4
826,35,1
827,37,1
828,31,0
829,51,10
830,42,6
831,33,1
832,42,4
833,40,5
834,39,5
835,50,6
836,44,4
837,39,1
838,38,2
839,37,3
840,49,7
841,39,7
842,41,5
843,41,5
844,41,5
845,53,8
846,36,2
847,44,5
848,42,7
849,36,2
850,44,5
851,39,2
852,38,1
853,40,4
854,38,3
855,38,1
856,34,2
857,45,8
858,33,0
859,38,2
860,51,12
861,39,2
862,38,4
863,43,6
864,42,6
865,45,7
866,49,12
867,42,5
868,45,10
869,34,1
870,39,1
871,44,5
872,46,9
873,34,2
874,36,1
875,44,8
876,45,8
877,38,3
878,48,10
879,52,11
880,39,3
881,32,1
882,49,8
883,39,5
884,35,1
885,37,0
886,45,6
887,38,3
888,41,3
889,45,2
890,37,3
891,33,0
892,44,7
893,41,4
894,35,1
895,38,2
896,41,2
897,41,2
898,51,9
899,44,7
900,41,4
901,40,3
902,35,1
903,38,3
904,41,5
905,42,4
906,40,7
907,42,3
908,39,3
909,38,4
910,43,8
911,41,6
912,54,15
913,37,1
914,41,2
915,40,3
916,37,5
917,39,4
918,39,4
919,32,3
920,46,6
921,44,6
922,42,10
923,39,3
924,41,2
925,33,0
926,41,2
927,41,2
928,41,4
929,45,9
930,47,8
931,36,1
932,37,3
933,39,3
934,40,2
935,36,0
936,40,5
937,34,4
938,40,5
939,44,5
940,43,5
941,38,4
942,42,7
943,36,1
944,51,14
945,44,8
946,44,6
947,46,11
948,47,9
949,37,2
950,34,0
951,44,6
952,47,11
953,39,3
954,38,1
955,38,3
956,46,8
957,39,2
958,35,3
959,36,2
960,42,6
961,39,6
962,43,7
963,39,4
964,36,1
965,40,3
966,40,5
967,38,0
968,35,2
969,38,1
970,50,10
971,31,2
972,47,5
973,37,4
974,45,5
975,41,5
976,41,5
977,39,3
978,41,6
979,42,3
980,40,3
981,38,2
982,46,8
983,44,8
984,38,2
985,38,0
986,37,2
987,37,2
988,45,10
989,36,3
990,39,4
991,47,4
992,51,12
993,42,6
994,51,12
995,34,1
996,46,9
997,52,12
998,45,8
999,48,11
1000,48,11
