NUM,ATBAT,SCORE
1,47,12
2,42,6
3,40,2
4,45,7
5,39,2
6,42,4
7,46,5
8,46,13
9,43,6
10,49,10
11,42,3
12,38,4
13,50,11
14,40,3
15,41,2
16,42,7
17,38,1
18,47,7
19,56,12
20,40,2
21,38,5
22,37,1
23,36,1
24,44,7
25,53,7
26,42,3
27,41,6
28,39,2
29,38,1
30,43,6
31,40,4
32,40,3
33,35,2
34,48,12
35,33,2
36,53,13
37,33,0
38,43,4
39,49,11
40,36,3
41,46,7
42,41,3
43,46,7
44,39,4
45,49,10
46,32,0
47,59,18
48,54,17
49,40,5
50,43,5
51,46,7
52,41,10
53,46,8
54,42,10
55,46,9
56,40,2
57,43,6
58,48,7
59,42,7
60,41,5
61,50,9
62,43,9
63,38,4
64,41,4
65,43,6
66,37,5
67,43,3
68,39,5
69,46,11
70,38,4
71,39,5
72,47,8
73,46,9
74,49,8
75,49,9
76,40,2
77,44,5
78,48,4
79,42,4
80,42,5
81,35,0
82,41,8
83,43,6
84,48,7
85,44,8
86,38,1
87,50,13
88,36,1
89,41,4
90,42,4
91,49,9
92,44,3
93,40,1
94,49,8
95,46,1
96,49,10
97,51,15
98,37,4
99,45,6
100,47,10
101,50,9
102,37,0
103,41,3
104,43,2
105,34,3
106,42,5
107,32,2
108,35,1
109,47,9
110,40,2
111,39,4
112,37,1
113,44,7
114,42,7
115,36,1
116,44,6
117,46,2
118,47,9
119,38,3
120,49,13
121,36,0
122,37,3
123,44,9
124,49,9
125,37,2
126,40,1
127,35,1
128,45,7
129,52,11
130,47,11
131,54,17
132,43,5
133,51,9
134,43,7
135,35,3
136,37,3
137,40,2
138,42,5
139,43,4
140,42,3
141,46,6
142,34,2
143,38,6
144,41,7
145,39,3
146,53,16
147,46,6
148,39,4
149,36,5
150,43,6
151,36,2
152,46,5
153,50,11
154,41,4
155,39,3
156,39,5
157,34,1
158,44,7
159,38,6
160,48,10
161,44,5
162,44,4
163,39,4
164,40,5
165,41,3
166,40,6
167,44,5
168,43,9
169,41,8
170,38,4
171,44,5
172,44,9
173,46,7
174,46,4
175,33,1
176,50,8
177,51,10
178,43,4
179,39,3
180,39,0
181,41,7
182,41,7
183,35,4
184,38,2
185,45,7
186,39,3
187,38,4
188,38,1
189,39,2
190,44,6
191,40,3
192,42,8
193,41,8
194,44,9
195,44,6
196,42,7
197,39,2
198,42,5
199,39,4
200,47,5
201,41,5
202,42,6
203,54,14
204,43,9
205,36,2
206,47,11
207,53,15
208,44,12
209,39,1
210,48,11
211,40,5
212,35,1
213,39,2
214,42,3
215,45,5
216,48,10
217,47,5
218,47,5
219,38,4
220,42,5
221,43,2
222,38,1
223,41,6
224,44,6
225,42,1
226,46,12
227,40,5
228,43,8
229,40,4
230,58,16
231,42,4
232,50,10
233,46,10
234,34,2
235,50,13
236,44,7
237,46,9
238,44,5
239,43,7
240,49,7
241,38,3
242,47,5
243,44,8
244,39,4
245,38,3
246,48,6
247,40,4
248,38,4
249,42,4
250,45,7
251,43,9
252,38,2
253,45,8
254,48,7
255,37,3
256,44,7
257,51,13
258,32,0
259,45,7
260,46,11
261,42,0
262,39,0
263,41,5
264,56,17
265,49,12
266,36,4
267,38,3
268,41,7
269,47,10
270,67,21
271,37,4
272,44,8
273,44,9
274,39,6
275,45,9
276,44,7
277,45,7
278,45,6
279,43,5
280,47,5
281,40,2
282,44,4
283,36,2
284,40,5
285,43,4
286,45,8
287,46,8
288,50,12
289,41,3
290,36,4
291,44,6
292,53,13
293,50,10
294,33,0
295,44,6
296,39,5
297,37,4
298,50,12
299,43,2
300,41,3
301,43,6
302,39,3
303,40,4
304,41,5
305,45,7
306,42,3
307,39,2
308,38,3
309,47,7
310,39,5
311,45,10
312,44,3
313,37,3
314,46,6
315,38,1
316,46,9
317,43,4
318,47,12
319,34,3
320,37,3
321,44,8
322,37,1
323,40,7
324,47,11
325,40,3
326,41,0
327,41,5
328,38,4
329,38,2
330,39,4
331,46,3
332,46,10
333,44,7
334,39,3
335,35,1
336,38,3
337,38,1
338,38,4
339,42,4
340,43,8
341,48,10
342,45,7
343,42,5
344,40,6
345,37,1
346,36,7
347,46,8
348,41,2
349,42,4
350,39,3
351,47,7
352,56,15
353,40,6
354,37,3
355,38,5
356,40,5
357,46,10
358,40,6
359,40,6
360,52,10
361,46,7
362,37,2
363,47,14
364,45,10
365,48,7
366,41,5
367,34,3
368,54,14
369,43,10
370,41,3
371,49,11
372,40,2
373,48,14
374,50,9
375,36,0
376,49,11
377,46,9
378,32,2
379,45,4
380,40,4
381,42,8
382,35,4
383,58,19
384,31,2
385,50,9
386,46,6
387,43,12
388,36,1
389,40,4
390,43,7
391,43,6
392,41,9
393,34,2
394,45,9
395,48,7
396,43,5
397,43,4
398,36,2
399,42,6
400,42,3
401,34,1
402,42,4
403,41,2
404,39,2
405,38,3
406,38,5
407,38,4
408,35,1
409,42,7
410,42,4
411,48,10
412,40,0
413,42,6
414,46,9
415,41,5
416,36,3
417,53,16
418,40,2
419,48,11
420,38,3
421,45,6
422,39,2
423,43,8
424,45,6
425,50,10
426,42,7
427,43,3
428,50,11
429,47,10
430,44,2
431,38,3
432,38,3
433,45,6
434,38,4
435,43,6
436,38,4
437,43,7
438,49,8
439,42,4
440,37,4
441,34,0
442,44,7
443,47,9
444,43,5
445,40,6
446,32,1
447,44,3
448,50,14
449,40,4
450,35,2
451,42,7
452,45,5
453,64,20
454,37,2
455,37,4
456,49,11
457,45,7
458,43,9
459,42,1
460,44,8
461,39,8
462,45,5
463,36,4
464,49,13
465,45,4
466,42,4
467,41,3
468,43,7
469,41,7
470,45,6
471,49,14
472,42,3
473,43,6
474,38,2
475,50,14
476,36,1
477,44,8
478,40,2
479,39,6
480,37,2
481,38,6
482,43,2
483,39,4
484,40,5
485,45,8
486,37,1
487,35,3
488,46,11
489,37,2
490,43,8
491,39,5
492,45,3
493,43,3
494,50,12
495,36,3
496,40,3
497,43,11
498,42,1
499,38,3
500,40,5
501,40,3
502,39,6
503,46,7
504,31,0
505,43,6
506,55,13
507,52,13
508,45,4
509,39,6
510,38,1
511,38,3
512,43,4
513,44,4
514,41,5
515,53,9
516,37,4
517,40,5
518,43,3
519,50,9
520,43,3
521,35,2
522,34,1
523,49,9
524,45,5
525,36,4
526,33,3
527,33,0
528,38,6
529,42,5
530,40,3
531,35,1
532,39,6
533,37,4
534,37,0
535,43,7
536,42,4
537,50,9
538,44,5
539,39,4
540,39,1
541,44,5
542,32,2
543,44,0
544,34,2
545,55,14
546,33,2
547,44,4
548,45,11
549,38,2
550,38,1
551,45,12
552,46,7
553,40,3
554,45,5
555,43,7
556,41,2
557,41,2
558,49,13
559,48,10
560,48,9
561,38,8
562,40,1
563,37,5
564,42,5
565,49,10
566,47,7
567,49,8
568,41,5
569,42,8
570,54,19
571,48,11
572,48,8
573,36,4
574,36,4
575,41,6
576,56,12
577,45,6
578,37,3
579,37,2
580,37,4
581,39,1
582,42,8
583,45,9
584,48,10
585,35,0
586,45,3
587,40,4
588,38,3
589,44,7
590,39,3
591,46,12
592,40,3
593,43,3
594,49,12
595,37,0
596,42,5
597,51,12
598,49,11
599,33,1
600,34,3
601,41,3
602,46,6
603,42,9
604,46,13
605,45,6
606,42,0
607,51,10
608,41,6
609,40,2
610,39,2
611,49,6
612,36,2
613,41,3
614,55,11
615,43,6
616,53,12
617,46,9
618,44,4
619,50,11
620,47,6
621,43,7
622,44,4
623,47,8
624,43,1
625,40,5
626,42,6
627,45,9
628,43,6
629,41,6
630,40,2
631,41,4
632,49,6
633,49,12
634,48,10
635,48,13
636,49,10
637,44,4
638,33,1
639,51,7
640,42,3
641,54,10
642,45,4
643,37,2
644,53,11
645,37,1
646,51,14
647,47,8
648,43,13
649,44,6
650,47,7
651,45,8
652,46,8
653,41,2
654,37,0
655,39,3
656,41,4
657,42,6
658,44,6
659,43,6
660,40,5
661,42,6
662,41,8
663,40,5
664,43,7
665,37,3
666,49,11
667,37,0
668,35,1
669,53,15
670,33,2
671,52,9
672,40,2
673,44,7
674,46,6
675,40,3
676,39,1
677,53,12
678,52,13
679,51,12
680,51,13
681,44,5
682,46,7
683,53,11
684,38,3
685,42,7
686,50,9
687,37,1
688,44,6
689,36,0
690,33,1
691,44,7
692,38,2
693,39,1
694,47,8
695,43,7
696,43,3
697,47,6
698,43,8
699,43,7
700,41,3
701,38,2
702,50,15
703,42,8
704,44,6
705,40,5
706,39,6
707,49,8
708,40,3
709,45,10
710,40,5
711,37,2
712,39,3
713,41,5
714,36,4
715,40,6
716,39,3
717,53,17
718,40,4
719,44,5
720,58,14
721,45,8
722,39,3
723,37,2
724,44,4
725,35,2
726,39,0
727,41,7
728,45,8
729,43,4
730,44,9
731,50,8
732,38,4
733,39,0
734,49,10
735,40,3
736,40,5
737,44,7
738,52,7
739,46,8
740,46,7
741,39,7
742,38,3
743,51,10
744,39,8
745,43,7
746,41,7
747,46,8
748,41,4
749,46,9
750,42,4
751,39,4
752,39,1
753,43,10
754,49,10
755,40,3
756,37,2
757,35,0
758,36,0
759,43,6
760,34,0
761,39,4
762,44,7
763,47,6
764,40,3
765,32,2
766,39,3
767,39,3
768,42,6
769,54,9
770,39,3
771,42,4
772,43,7
773,44,8
774,40,3
775,39,4
776,49,10
777,41,1
778,40,2
779,43,4
780,50,12
781,35,2
782,40,2
783,40,5
784,46,6
785,47,5
786,42,7
787,54,16
788,46,9
789,44,7
790,47,7
791,39,4
792,44,5
793,40,2
794,46,7
795,41,3
796,44,7
797,46,6
798,42,5
799,39,2
800,39,2
801,37,2
802,45,10
803,44,6
804,36,1
805,49,11
806,43,6
807,43,5
808,52,13
809,44,5
810,33,0
811,43,3
812,44,7
813,41,6
814,43,6
815,55,10
816,33,3
817,42,5
818,51,8
819,46,6
820,47,6
821,45,10
822,40,4
823,46,6
824,36,1
825,39,1
826,33,1
827,39,3
828,36,2
829,39,1
830,49,13
831,42,6
832,48,11
833,33,1
834,37,3
835,39,5
836,44,6
837,42,5
838,44,4
839,44,4
840,44,6
841,50,11
842,44,5
843,39,6
844,53,13
845,39,3
846,56,14
847,45,7
848,50,10
849,51,10
850,48,9
851,41,1
852,48,10
853,36,2
854,45,9
855,49,8
856,47,11
857,41,3
858,42,0
859,45,11
860,44,6
861,45,9
862,50,10
863,39,5
864,35,3
865,41,1
866,41,2
867,42,7
868,47,5
869,44,5
870,33,0
871,48,11
872,38,5
873,48,7
874,49,10
875,45,10
876,52,15
877,47,6
878,37,2
879,41,2
880,37,0
881,38,8
882,42,2
883,34,4
884,35,2
885,40,1
886,42,6
887,45,5
888,44,4
889,52,13
890,40,5
891,46,5
892,43,6
893,36,4
894,44,7
895,45,6
896,44,7
897,35,1
898,41,4
899,40,7
900,46,7
901,44,7
902,46,12
903,39,2
904,40,3
905,49,10
906,41,6
907,43,10
908,39,1
909,39,3
910,46,4
911,37,3
912,45,7
913,52,15
914,43,3
915,39,3
916,42,6
917,39,2
918,42,5
919,40,4
920,55,14
921,38,3
922,46,8
923,38,2
924,49,11
925,38,4
926,48,6
927,52,7
928,38,1
929,53,12
930,38,4
931,46,8
932,43,8
933,37,6
934,41,4
935,48,12
936,45,5
937,41,10
938,40,4
939,39,2
940,40,7
941,48,9
942,47,6
943,36,1
944,48,11
945,45,5
946,48,6
947,35,1
948,44,6
949,44,6
950,38,2
951,43,7
952,34,2
953,35,1
954,44,5
955,48,4
956,41,2
957,37,1
958,43,2
959,50,8
960,42,10
961,43,3
962,41,5
963,43,7
964,42,3
965,37,1
966,35,1
967,46,8
968,43,5
969,39,4
970,33,0
971,48,12
972,45,7
973,40,4
974,44,6
975,44,6
976,40,5
977,50,12
978,37,6
979,43,4
980,46,5
981,43,5
982,41,2
983,44,3
984,40,3
985,40,3
986,45,6
987,42,6
988,42,5
989,39,5
990,40,3
991,45,2
992,40,6
993,45,5
994,40,3
995,47,9
996,48,12
997,43,3
998,45,4
999,53,19
1000,49,7
