NUM,ATBAT,SCORE
1,46,5
2,47,8
3,47,9
4,46,9
5,66,21
6,45,9
7,53,21
8,44,6
9,52,14
10,41,7
11,50,9
12,53,14
13,45,10
14,39,4
15,55,15
16,49,10
17,46,10
18,46,5
19,48,11
20,45,9
21,39,3
22,35,2
23,55,12
24,39,4
25,51,13
26,57,13
27,36,3
28,43,6
29,48,6
30,52,13
31,57,17
32,51,10
33,44,6
34,48,3
35,45,5
36,48,11
37,41,5
38,47,7
39,41,5
40,45,7
41,43,4
42,42,4
43,45,6
44,38,1
45,40,0
46,43,2
47,35,0
48,45,5
49,43,8
50,51,12
51,54,13
52,49,6
53,41,0
54,51,10
55,50,8
56,45,4
57,40,2
58,42,4
59,44,1
60,46,9
61,60,19
62,48,8
63,49,8
64,45,9
65,48,6
66,47,8
67,53,13
68,40,3
69,42,6
70,58,20
71,36,1
72,41,2
73,41,4
74,40,8
75,46,9
76,38,1
77,46,7
78,43,6
79,45,6
80,47,4
81,51,13
82,44,9
83,49,9
84,47,9
85,50,10
86,46,7
87,44,7
88,59,20
89,50,7
90,42,1
91,36,2
92,50,13
93,48,8
94,43,8
95,50,7
96,59,13
97,46,5
98,44,8
99,43,6
100,47,9
101,39,2
102,43,3
103,43,2
104,52,10
105,48,5
106,42,4
107,39,6
108,46,7
109,34,0
110,42,1
111,42,3
112,42,5
113,36,5
114,50,6
115,42,4
116,43,7
117,44,9
118,40,4
119,42,2
120,40,3
121,57,15
122,48,10
123,47,14
124,41,4
125,38,2
126,44,5
127,41,4
128,52,19
129,45,5
130,43,7
131,49,7
132,44,4
133,59,14
134,46,9
135,39,4
136,45,4
137,45,7
138,44,5
139,40,2
140,51,14
141,47,6
142,33,2
143,57,14
144,37,2
145,48,12
146,45,7
147,40,1
148,44,8
149,43,7
150,38,4
151,50,9
152,36,3
153,48,6
154,46,7
155,40,3
156,52,14
157,47,7
158,45,8
159,47,5
160,37,3
161,52,14
162,43,4
163,46,10
164,40,6
165,40,5
166,48,3
167,44,6
168,54,11
169,45,8
170,43,4
171,40,2
172,48,10
173,48,10
174,39,4
175,47,14
176,51,11
177,39,2
178,46,13
179,41,3
180,48,9
181,41,3
182,47,6
183,54,14
184,52,15
185,37,2
186,43,5
187,41,3
188,43,5
189,45,10
190,42,4
191,57,13
192,45,7
193,37,3
194,34,2
195,55,15
196,48,5
197,39,0
198,40,5
199,60,19
200,40,2
201,45,4
202,46,11
203,43,7
204,44,7
205,39,2
206,48,7
207,41,2
208,44,8
209,42,4
210,45,5
211,52,12
212,43,5
213,42,5
214,45,8
215,37,5
216,45,10
217,43,7
218,48,8
219,35,1
220,43,7
221,59,15
222,50,16
223,57,14
224,48,5
225,42,4
226,45,4
227,47,9
228,47,7
229,42,4
230,44,3
231,48,9
232,43,5
233,46,4
234,36,2
235,48,9
236,43,7
237,53,13
238,50,6
239,51,11
240,46,9
241,47,7
242,50,6
243,44,8
244,42,4
245,52,15
246,47,9
247,50,10
248,37,2
249,47,12
250,46,6
251,39,6
252,49,11
253,40,2
254,59,22
255,42,3
256,46,7
257,44,7
258,36,2
259,37,2
260,49,12
261,39,3
262,51,13
263,45,7
264,38,5
265,46,8
266,42,7
267,34,1
268,42,6
269,49,10
270,46,9
271,53,15
272,46,8
273,53,12
274,36,5
275,57,17
276,41,5
277,43,6
278,53,11
279,42,6
280,47,8
281,44,9
282,49,10
283,44,9
284,47,7
285,52,9
286,40,3
287,48,7
288,42,5
289,40,6
290,43,4
291,40,6
292,36,1
293,41,4
294,56,15
295,49,11
296,48,15
297,48,9
298,49,9
299,40,5
300,40,5
301,44,8
302,41,8
303,46,6
304,47,11
305,41,4
306,40,3
307,50,8
308,46,6
309,52,9
310,53,12
311,40,7
312,51,14
313,53,12
314,36,1
315,41,5
316,42,6
317,47,10
318,40,6
319,53,11
320,50,10
321,46,8
322,39,7
323,45,8
324,42,1
325,46,2
326,51,8
327,41,6
328,38,4
329,40,7
330,35,0
331,43,7
332,56,16
333,45,9
334,51,11
335,61,19
336,45,5
337,49,7
338,46,9
339,39,2
340,40,3
341,43,3
342,56,19
343,48,5
344,46,7
345,37,2
346,51,8
347,54,20
348,44,6
349,42,9
350,51,12
351,37,1
352,42,5
353,50,13
354,37,5
355,45,7
356,46,12
357,54,13
358,42,5
359,45,4
360,40,4
361,55,14
362,49,9
363,46,6
364,43,3
365,48,12
366,47,8
367,36,3
368,48,13
369,48,7
370,46,5
371,41,2
372,44,6
373,53,13
374,46,6
375,41,6
376,49,4
377,59,18
378,53,10
379,47,9
380,45,5
381,39,6
382,46,8
383,60,20
384,50,9
385,48,8
386,46,6
387,50,11
388,40,5
389,52,7
390,41,3
391,41,6
392,46,7
393,41,1
394,56,13
395,40,2
396,48,8
397,46,7
398,35,2
399,39,0
400,47,13
401,42,8
402,31,0
403,43,8
404,48,7
405,38,4
406,48,12
407,64,23
408,44,10
409,52,15
410,48,9
411,46,9
412,46,7
413,37,3
414,43,3
415,42,6
416,49,10
417,41,5
418,48,8
419,43,4
420,40,4
421,51,13
422,50,8
423,43,3
424,53,11
425,38,4
426,39,2
427,52,13
428,43,4
429,50,10
430,39,6
431,38,0
432,49,11
433,48,8
434,42,3
435,37,3
436,48,5
437,56,15
438,49,11
439,37,3
440,42,2
441,49,12
442,40,6
443,43,7
444,45,7
445,38,5
446,43,6
447,50,9
448,44,8
449,45,5
450,42,7
451,53,13
452,52,12
453,41,4
454,46,11
455,37,4
456,42,4
457,40,5
458,51,11
459,42,7
460,42,2
461,45,8
462,41,5
463,49,9
464,48,8
465,40,6
466,40,4
467,43,3
468,40,4
469,49,13
470,42,7
471,38,7
472,37,2
473,46,6
474,48,7
475,45,7
476,46,5
477,44,6
478,44,5
479,57,11
480,44,3
481,40,4
482,37,3
483,42,5
484,50,5
485,45,7
486,43,6
487,43,8
488,44,11
489,44,5
490,38,2
491,41,9
492,47,14
493,47,9
494,53,13
495,44,1
496,55,13
497,52,17
498,45,6
499,33,2
500,47,4
501,43,5
502,46,7
503,51,11
504,39,5
505,47,15
506,42,4
507,52,15
508,52,10
509,46,7
510,55,13
511,45,11
512,53,12
513,46,10
514,42,4
515,41,2
516,34,2
517,50,9
518,42,1
519,45,7
520,52,11
521,43,5
522,44,8
523,48,9
524,38,1
525,46,7
526,45,6
527,45,6
528,48,7
529,45,11
530,39,3
531,40,6
532,46,7
533,55,17
534,43,5
535,49,8
536,50,8
537,47,11
538,48,6
539,41,5
540,47,7
541,59,19
542,47,11
543,53,13
544,41,5
545,51,12
546,44,12
547,42,6
548,45,12
549,45,6
550,42,5
551,41,4
552,44,5
553,35,1
554,42,5
555,45,7
556,39,3
557,51,13
558,55,17
559,34,2
560,44,8
561,42,6
562,43,4
563,37,1
564,44,9
565,43,6
566,46,5
567,35,0
568,40,2
569,45,4
570,38,2
571,62,19
572,47,6
573,43,8
574,38,2
575,43,5
576,46,10
577,53,9
578,48,9
579,50,10
580,41,7
581,46,4
582,55,13
583,42,3
584,43,9
585,39,2
586,46,9
587,44,1
588,42,4
589,43,6
590,41,7
591,45,9
592,45,9
593,42,5
594,41,4
595,53,5
596,51,11
597,44,7
598,43,8
599,41,8
600,43,9
601,45,8
602,44,9
603,37,1
604,48,8
605,51,8
606,44,7
607,43,7
608,45,6
609,49,11
610,38,2
611,38,3
612,44,9
613,35,6
614,46,8
615,46,3
616,39,1
617,47,10
618,47,6
619,55,13
620,46,8
621,47,9
622,50,15
623,40,3
624,46,7
625,44,3
626,43,3
627,40,1
628,42,8
629,39,2
630,44,4
631,51,14
632,49,9
633,40,2
634,37,4
635,43,8
636,46,12
637,45,11
638,38,4
639,46,4
640,36,3
641,47,9
642,41,5
643,46,9
644,40,4
645,42,5
646,45,6
647,52,15
648,51,13
649,44,10
650,48,5
651,47,5
652,49,8
653,50,12
654,51,11
655,52,9
656,54,14
657,48,7
658,42,5
659,46,7
660,45,6
661,48,10
662,39,1
663,41,1
664,46,11
665,43,6
666,45,11
667,37,3
668,54,12
669,40,5
670,39,6
671,52,15
672,47,6
673,48,7
674,46,4
675,50,8
676,42,6
677,46,9
678,50,10
679,48,7
680,38,2
681,49,11
682,48,5
683,40,6
684,44,4
685,45,9
686,49,12
687,37,4
688,37,4
689,38,5
690,46,9
691,46,9
692,40,8
693,50,9
694,55,14
695,43,2
696,49,12
697,46,9
698,51,15
699,36,3
700,51,13
701,43,8
702,51,8
703,45,6
704,43,6
705,40,5
706,49,14
707,40,1
708,44,6
709,47,6
710,39,3
711,45,6
712,39,8
713,47,10
714,44,9
715,43,6
716,37,0
717,48,10
718,42,3
719,48,12
720,42,3
721,40,2
722,45,8
723,43,6
724,51,13
725,53,15
726,51,14
727,39,4
728,39,2
729,46,9
730,41,3
731,40,5
732,50,7
733,50,14
734,44,1
735,40,4
736,52,15
737,39,3
738,46,7
739,49,7
740,44,7
741,47,7
742,50,10
743,45,10
744,40,1
745,37,1
746,32,0
747,56,14
748,41,5
749,41,9
750,38,2
751,42,5
752,41,6
753,49,13
754,37,2
755,41,4
756,39,2
757,40,4
758,48,7
759,43,7
760,47,8
761,48,12
762,51,11
763,38,4
764,45,5
765,47,7
766,44,8
767,36,1
768,52,12
769,49,9
770,43,8
771,46,6
772,45,10
773,48,9
774,39,2
775,42,7
776,53,9
777,52,9
778,62,24
779,39,4
780,42,5
781,56,16
782,50,14
783,45,11
784,39,4
785,41,3
786,47,8
787,42,5
788,47,9
789,45,1
790,46,7
791,42,2
792,48,7
793,41,1
794,35,2
795,43,4
796,49,16
797,54,9
798,51,11
799,39,3
800,49,10
801,44,7
802,41,8
803,48,9
804,34,4
805,42,3
806,36,3
807,45,7
808,44,6
809,45,6
810,42,5
811,46,11
812,45,9
813,41,3
814,52,12
815,50,9
816,46,2
817,45,8
818,52,9
819,59,18
820,49,10
821,55,8
822,45,8
823,50,12
824,56,18
825,41,4
826,46,10
827,57,17
828,40,5
829,39,5
830,44,11
831,46,6
832,44,2
833,42,5
834,35,2
835,45,10
836,45,4
837,46,7
838,42,3
839,43,3
840,46,10
841,44,6
842,41,5
843,52,13
844,40,6
845,40,7
846,43,5
847,41,6
848,42,6
849,50,10
850,46,8
851,52,12
852,52,15
853,43,5
854,46,6
855,36,1
856,44,5
857,43,4
858,48,9
859,50,7
860,40,2
861,59,18
862,45,10
863,37,5
864,54,16
865,44,8
866,47,9
867,50,9
868,54,13
869,50,7
870,39,3
871,50,14
872,52,11
873,34,0
874,49,8
875,44,5
876,47,9
877,58,16
878,53,14
879,38,4
880,49,7
881,48,5
882,46,6
883,48,9
884,40,2
885,47,7
886,47,10
887,51,7
888,56,19
889,40,5
890,50,8
891,40,5
892,59,16
893,43,3
894,54,21
895,38,4
896,39,1
897,38,6
898,40,4
899,42,4
900,46,5
901,43,3
902,38,2
903,47,5
904,40,7
905,44,10
906,51,13
907,61,15
908,42,5
909,41,4
910,45,5
911,45,4
912,58,19
913,37,1
914,38,4
915,36,3
916,47,7
917,52,10
918,46,7
919,49,10
920,52,12
921,49,11
922,49,8
923,40,4
924,51,11
925,44,7
926,44,6
927,56,15
928,39,4
929,46,4
930,46,8
931,53,17
932,43,5
933,44,6
934,39,2
935,47,7
936,42,6
937,41,7
938,52,14
939,43,8
940,49,14
941,46,7
942,48,11
943,42,6
944,45,10
945,41,2
946,47,9
947,46,9
948,41,3
949,41,5
950,49,11
951,49,14
952,41,6
953,40,4
954,46,8
955,48,13
956,46,6
957,34,1
958,38,3
959,49,8
960,63,23
961,49,10
962,54,13
963,36,0
964,53,13
965,53,13
966,41,1
967,45,8
968,43,6
969,39,2
970,48,14
971,36,1
972,47,9
973,54,15
974,45,4
975,41,5
976,44,8
977,39,3
978,44,6
979,43,4
980,47,7
981,47,14
982,30,0
983,49,9
984,44,6
985,41,4
986,45,7
987,42,4
988,45,8
989,47,11
990,47,7
991,44,5
992,40,4
993,41,2
994,37,2
995,44,5
996,51,11
997,44,8
998,38,0
999,36,1
1000,44,7
