NUM,ATBAT,SCORE
1,38,5
2,38,2
3,41,5
4,42,2
5,36,2
6,42,3
7,54,11
8,35,1
9,44,6
10,47,8
11,39,2
12,36,1
13,43,3
14,45,7
15,43,3
16,37,1
17,41,4
18,42,3
19,47,7
20,40,3
21,34,1
22,44,4
23,36,3
24,35,1
25,42,3
26,52,14
27,31,0
28,41,4
29,37,3
30,37,3
31,40,4
32,37,2
33,37,1
34,41,2
35,38,3
36,35,2
37,43,5
38,41,5
39,37,4
40,37,1
41,38,1
42,40,5
43,41,2
44,44,8
45,35,0
46,37,4
47,38,2
48,36,3
49,48,8
50,44,5
51,38,3
52,41,1
53,35,3
54,37,2
55,41,4
56,34,0
57,42,6
58,39,2
59,38,2
60,37,2
61,38,4
62,38,7
63,44,4
64,35,1
65,41,4
66,36,0
67,45,5
68,41,4
69,34,0
70,39,2
71,34,1
72,35,2
73,39,4
74,38,1
75,52,10
76,37,1
77,36,3
78,43,7
79,37,5
80,51,9
81,38,4
82,34,0
83,35,1
84,33,0
85,47,8
86,43,3
87,38,0
88,36,2
89,37,2
90,38,4
91,49,12
92,45,7
93,42,0
94,39,3
95,41,4
96,38,2
97,43,6
98,41,7
99,49,6
100,36,3
101,32,0
102,37,3
103,39,1
104,33,1
105,38,2
106,33,0
107,37,2
108,35,1
109,44,6
110,37,0
111,40,3
112,41,3
113,36,1
114,37,2
115,41,6
116,49,8
117,36,1
118,40,5
119,41,6
120,35,1
121,36,0
122,40,5
123,41,4
124,36,3
125,36,0
126,42,6
127,38,5
128,45,4
129,49,12
130,48,5
131,39,3
132,35,1
133,36,1
134,44,7
135,42,3
136,40,2
137,39,2
138,53,9
139,35,1
140,41,5
141,42,5
142,44,5
143,40,3
144,37,1
145,36,5
146,40,1
147,44,6
148,35,1
149,39,2
150,39,3
151,33,1
152,40,0
153,41,6
154,43,6
155,44,7
156,42,7
157,43,7
158,39,4
159,39,2
160,37,1
161,44,3
162,38,3
163,39,2
164,43,4
165,34,3
166,35,2
167,41,4
168,39,2
169,45,8
170,37,5
171,39,5
172,41,5
173,35,1
174,44,12
175,38,2
176,42,6
177,34,2
178,37,4
179,42,6
180,37,1
181,35,0
182,34,1
183,36,0
184,39,5
185,32,1
186,39,5
187,41,4
188,38,3
189,41,3
190,45,5
191,46,8
192,43,3
193,41,1
194,44,5
195,41,3
196,40,2
197,39,2
198,40,3
199,40,2
200,35,1
201,39,2
202,31,1
203,51,10
204,33,1
205,43,5
206,36,1
207,46,7
208,31,2
209,40,4
210,40,2
211,38,2
212,36,1
213,42,4
214,42,4
215,39,4
216,35,2
217,40,2
218,36,3
219,36,2
220,40,2
221,41,6
222,41,2
223,38,3
224,43,5
225,42,1
226,39,5
227,38,4
228,47,10
229,39,1
230,35,0
231,36,0
232,44,3
233,38,5
234,36,2
235,45,4
236,42,7
237,41,4
238,48,9
239,35,0
240,37,1
241,35,1
242,36,2
243,43,5
244,41,4
245,37,2
246,35,1
247,38,0
248,52,11
249,47,6
250,41,1
251,31,2
252,40,2
253,39,4
254,38,2
255,35,1
256,41,2
257,40,5
258,36,2
259,41,5
260,42,3
261,46,6
262,44,3
263,45,2
264,48,12
265,35,1
266,42,6
267,35,1
268,43,4
269,42,5
270,37,3
271,44,7
272,33,2
273,39,4
274,43,2
275,41,5
276,42,3
277,35,1
278,34,1
279,38,5
280,38,2
281,38,5
282,43,5
283,43,4
284,43,6
285,40,2
286,34,1
287,39,4
288,39,3
289,42,7
290,40,5
291,38,2
292,49,10
293,33,2
294,38,1
295,36,1
296,35,3
297,34,1
298,47,9
299,37,0
300,38,2
301,42,6
302,43,4
303,40,5
304,37,1
305,39,0
306,33,0
307,45,8
308,40,2
309,36,1
310,41,5
311,48,8
312,40,3
313,36,0
314,37,2
315,38,4
316,39,2
317,37,1
318,39,1
319,45,5
320,37,4
321,37,2
322,40,4
323,41,4
324,37,2
325,37,4
326,48,10
327,34,0
328,41,3
329,40,3
330,32,1
331,35,5
332,39,5
333,35,0
334,39,2
335,51,10
336,40,4
337,41,2
338,47,11
339,39,0
340,37,1
341,39,5
342,37,1
343,46,9
344,44,7
345,39,3
346,36,0
347,40,3
348,40,5
349,39,3
350,42,6
351,37,1
352,41,4
353,42,2
354,37,1
355,46,10
356,42,2
357,42,2
358,34,0
359,37,2
360,46,6
361,41,4
362,52,9
363,37,1
364,40,3
365,41,3
366,39,4
367,37,1
368,39,4
369,37,2
370,31,0
371,48,5
372,43,6
373,35,3
374,37,2
375,38,5
376,43,5
377,41,3
378,43,7
379,46,7
380,33,1
381,39,6
382,40,2
383,34,0
384,39,1
385,35,1
386,39,4
387,44,8
388,33,0
389,32,1
390,39,4
391,37,0
392,38,3
393,43,6
394,38,2
395,39,2
396,39,9
397,37,0
398,43,3
399,39,5
400,33,1
401,34,1
402,37,0
403,42,6
404,39,3
405,38,2
406,41,4
407,40,0
408,37,2
409,34,0
410,38,2
411,32,2
412,47,7
413,37,0
414,43,3
415,42,1
416,37,1
417,42,5
418,43,5
419,34,0
420,43,5
421,42,3
422,41,5
423,37,2
424,41,0
425,33,1
426,35,2
427,38,3
428,36,2
429,36,1
430,43,6
431,44,7
432,40,7
433,39,2
434,43,7
435,40,3
436,37,4
437,41,5
438,39,2
439,42,3
440,41,3
441,37,2
442,40,6
443,43,9
444,36,2
445,44,7
446,51,14
447,42,4
448,37,0
449,37,1
450,39,4
451,40,0
452,38,0
453,36,2
454,36,0
455,46,8
456,39,4
457,46,8
458,34,1
459,42,4
460,40,2
461,31,2
462,36,0
463,44,6
464,44,3
465,42,3
466,37,2
467,40,2
468,43,4
469,33,0
470,49,14
471,44,8
472,42,3
473,42,3
474,39,1
475,40,4
476,38,2
477,42,4
478,39,4
479,41,4
480,38,1
481,42,2
482,50,7
483,33,2
484,56,15
485,42,4
486,42,7
487,42,3
488,39,1
489,35,0
490,44,3
491,38,2
492,42,1
493,40,2
494,39,3
495,41,3
496,36,3
497,35,1
498,45,10
499,45,5
500,40,6
501,44,5
502,43,7
503,30,0
504,38,1
505,40,4
506,38,1
507,40,4
508,46,7
509,35,1
510,48,8
511,36,1
512,40,3
513,35,1
514,41,4
515,38,0
516,35,4
517,36,3
518,37,2
519,32,1
520,39,4
521,41,0
522,34,1
523,43,8
524,42,3
525,40,6
526,37,2
527,39,3
528,36,2
529,43,3
530,44,10
531,40,6
532,35,1
533,39,3
534,39,2
535,38,4
536,38,6
537,38,3
538,37,3
539,43,6
540,32,0
541,44,6
542,42,5
543,40,3
544,42,3
545,51,10
546,46,6
547,37,2
548,45,8
549,40,3
550,36,0
551,42,3
552,44,7
553,39,0
554,38,2
555,37,2
556,34,0
557,43,2
558,40,4
559,31,0
560,36,0
561,35,1
562,37,3
563,40,6
564,48,4
565,42,7
566,36,2
567,38,2
568,37,3
569,41,4
570,38,2
571,35,0
572,41,4
573,36,3
574,38,4
575,38,0
576,42,5
577,34,0
578,35,2
579,36,1
580,43,8
581,44,8
582,41,1
583,36,0
584,41,3
585,33,0
586,36,0
587,44,6
588,47,9
589,41,4
590,43,5
591,40,3
592,40,4
593,36,1
594,38,0
595,42,4
596,34,2
597,49,7
598,39,2
599,38,4
600,35,1
601,38,0
602,37,1
603,36,1
604,37,3
605,35,2
606,38,4
607,44,7
608,45,7
609,37,3
610,38,2
611,37,2
612,40,5
613,41,2
614,40,3
615,35,2
616,47,13
617,46,8
618,35,0
619,36,0
620,47,5
621,41,4
622,30,1
623,36,2
624,45,4
625,42,4
626,37,1
627,37,2
628,40,8
629,49,13
630,32,0
631,33,2
632,33,1
633,40,3
634,38,2
635,45,7
636,40,2
637,30,0
638,37,2
639,42,4
640,40,3
641,40,1
642,43,3
643,43,8
644,46,8
645,34,0
646,39,4
647,41,6
648,35,1
649,39,0
650,33,1
651,46,5
652,40,3
653,43,4
654,42,4
655,38,3
656,36,2
657,39,2
658,37,2
659,36,1
660,36,2
661,37,1
662,42,5
663,36,0
664,43,7
665,39,2
666,44,2
667,43,5
668,53,9
669,47,6
670,43,5
671,38,4
672,43,3
673,36,1
674,43,8
675,43,5
676,42,4
677,43,7
678,45,8
679,39,3
680,48,7
681,36,3
682,31,0
683,46,8
684,36,2
685,38,3
686,38,7
687,41,4
688,41,2
689,31,0
690,39,3
691,40,5
692,37,5
693,38,1
694,43,8
695,36,0
696,29,0
697,35,0
698,41,3
699,37,2
700,39,1
701,33,0
702,51,12
703,40,3
704,47,9
705,40,1
706,37,2
707,44,4
708,34,2
709,39,4
710,41,3
711,36,3
712,38,3
713,40,3
714,44,4
715,32,1
716,39,3
717,36,2
718,38,2
719,53,12
720,40,3
721,37,1
722,38,3
723,41,6
724,46,2
725,42,3
726,38,1
727,62,15
728,41,4
729,42,2
730,34,0
731,37,2
732,40,1
733,31,0
734,40,1
735,39,2
736,36,0
737,41,3
738,38,2
739,38,4
740,34,1
741,37,1
742,37,2
743,41,6
744,43,9
745,45,7
746,35,0
747,37,2
748,42,5
749,36,0
750,40,3
751,41,4
752,37,3
753,41,6
754,39,6
755,44,8
756,39,4
757,39,3
758,42,3
759,37,1
760,42,2
761,43,5
762,44,3
763,46,8
764,33,0
765,34,0
766,38,0
767,35,2
768,38,0
769,35,0
770,33,0
771,39,1
772,42,5
773,37,2
774,37,0
775,35,3
776,36,0
777,40,6
778,52,12
779,34,4
780,37,1
781,41,2
782,39,2
783,42,6
784,42,5
785,41,1
786,41,3
787,36,1
788,40,4
789,34,0
790,34,1
791,46,3
792,41,8
793,45,6
794,32,1
795,48,8
796,40,2
797,41,6
798,36,0
799,44,5
800,40,4
801,40,3
802,41,3
803,39,5
804,42,4
805,41,4
806,33,1
807,39,2
808,43,5
809,32,0
810,40,2
811,44,6
812,35,3
813,35,2
814,43,5
815,39,4
816,37,2
817,37,1
818,37,0
819,33,2
820,33,0
821,45,4
822,40,6
823,45,3
824,38,2
825,39,2
826,45,6
827,38,1
828,48,11
829,43,7
830,44,6
831,39,1
832,37,3
833,35,3
834,35,3
835,39,4
836,33,4
837,36,2
838,40,5
839,42,5
840,33,0
841,40,2
842,38,3
843,37,0
844,41,2
845,41,4
846,33,0
847,40,3
848,33,0
849,38,1
850,44,4
851,39,3
852,37,3
853,37,2
854,39,3
855,37,1
856,37,3
857,50,11
858,38,1
859,37,3
860,35,0
861,40,0
862,42,4
863,44,4
864,43,4
865,41,4
866,44,6
867,45,7
868,39,1
869,34,2
870,35,2
871,42,7
872,33,0
873,41,2
874,44,6
875,39,2
876,41,6
877,36,0
878,44,11
879,35,0
880,46,6
881,45,3
882,38,0
883,37,1
884,42,4
885,41,2
886,37,1
887,45,9
888,42,2
889,37,2
890,37,1
891,44,8
892,43,5
893,32,1
894,50,11
895,40,0
896,38,2
897,39,5
898,33,0
899,38,0
900,48,10
901,41,5
902,42,6
903,40,4
904,43,7
905,39,2
906,48,7
907,43,5
908,46,9
909,39,3
910,39,6
911,45,5
912,40,2
913,40,4
914,35,0
915,39,4
916,41,5
917,34,0
918,47,10
919,39,1
920,36,2
921,40,3
922,42,8
923,43,4
924,39,3
925,33,1
926,36,2
927,40,1
928,49,10
929,36,2
930,44,5
931,40,7
932,42,6
933,45,6
934,47,11
935,43,6
936,42,7
937,29,1
938,40,4
939,40,4
940,41,4
941,47,11
942,39,3
943,38,3
944,56,15
945,36,0
946,46,7
947,32,0
948,44,4
949,37,1
950,34,0
951,50,10
952,43,7
953,42,1
954,48,6
955,40,5
956,37,1
957,39,7
958,34,1
959,39,4
960,44,4
961,41,6
962,50,9
963,33,0
964,36,0
965,41,3
966,40,3
967,49,12
968,42,3
969,52,8
970,34,0
971,43,6
972,39,5
973,36,2
974,33,0
975,41,4
976,36,1
977,46,9
978,36,0
979,40,2
980,40,2
981,42,2
982,50,12
983,42,2
984,42,1
985,38,2
986,41,4
987,40,4
988,35,0
989,38,7
990,33,0
991,37,2
992,41,4
993,41,6
994,45,7
995,39,5
996,43,4
997,43,4
998,49,7
999,45,2
1000,37,3
