NUM,ATBAT,SCORE
1,51,10
2,42,6
3,42,5
4,45,3
5,44,7
6,40,3
7,38,2
8,40,1
9,46,10
10,41,6
11,52,12
12,40,3
13,47,5
14,40,6
15,46,7
16,41,4
17,53,19
18,39,3
19,42,2
20,39,2
21,42,2
22,50,13
23,47,8
24,44,3
25,39,2
26,38,1
27,42,1
28,41,4
29,45,7
30,48,5
31,35,2
32,38,1
33,45,7
34,40,2
35,36,0
36,46,8
37,48,7
38,42,4
39,37,3
40,47,8
41,43,4
42,43,2
43,46,4
44,53,11
45,46,8
46,41,8
47,46,9
48,37,5
49,41,3
50,41,2
51,44,8
52,36,1
53,43,4
54,43,7
55,43,5
56,40,2
57,43,8
58,42,6
59,39,2
60,41,1
61,39,5
62,41,3
63,38,2
64,39,2
65,42,6
66,43,4
67,46,7
68,42,3
69,42,8
70,43,5
71,38,1
72,35,4
73,41,3
74,46,8
75,49,14
76,45,9
77,46,8
78,50,14
79,42,3
80,41,3
81,46,8
82,43,5
83,44,6
84,44,3
85,35,0
86,37,6
87,47,8
88,38,2
89,44,11
90,40,6
91,45,9
92,42,4
93,38,1
94,56,13
95,52,13
96,41,5
97,43,5
98,45,4
99,47,6
100,41,4
101,40,3
102,48,5
103,46,8
104,36,4
105,43,5
106,47,10
107,42,6
108,39,5
109,49,8
110,38,4
111,40,1
112,43,6
113,51,14
114,38,1
115,40,4
116,40,8
117,43,6
118,49,8
119,41,4
120,43,6
121,36,0
122,54,11
123,33,0
124,40,4
125,41,4
126,45,6
127,46,8
128,37,2
129,47,12
130,35,3
131,39,3
132,48,11
133,44,7
134,49,14
135,49,7
136,40,6
137,43,1
138,36,0
139,50,10
140,35,0
141,52,13
142,37,2
143,39,4
144,49,6
145,42,4
146,35,0
147,43,7
148,41,1
149,43,6
150,55,14
151,42,7
152,52,8
153,39,4
154,42,5
155,29,0
156,38,5
157,38,2
158,39,1
159,44,6
160,42,7
161,43,7
162,43,5
163,46,7
164,42,3
165,40,4
166,35,2
167,40,2
168,42,4
169,33,1
170,41,3
171,46,8
172,45,7
173,41,3
174,38,0
175,42,3
176,37,1
177,43,3
178,37,2
179,42,3
180,41,5
181,40,3
182,45,9
183,48,12
184,35,2
185,40,5
186,45,5
187,43,2
188,48,7
189,43,4
190,39,4
191,45,2
192,42,6
193,42,9
194,41,8
195,45,9
196,46,10
197,48,7
198,50,8
199,44,5
200,36,4
201,43,4
202,34,0
203,38,3
204,39,4
205,37,0
206,42,3
207,37,4
208,45,7
209,45,0
210,39,0
211,39,4
212,41,3
213,44,5
214,46,4
215,36,3
216,45,5
217,44,3
218,49,12
219,44,7
220,42,3
221,42,2
222,29,0
223,43,9
224,41,4
225,46,2
226,51,10
227,47,8
228,37,2
229,47,11
230,36,2
231,46,15
232,55,14
233,34,1
234,44,3
235,48,9
236,42,4
237,45,2
238,42,6
239,45,7
240,48,7
241,44,4
242,42,1
243,43,7
244,37,2
245,48,7
246,38,2
247,40,6
248,36,1
249,40,5
250,36,1
251,51,9
252,48,10
253,43,8
254,46,8
255,39,7
256,39,4
257,43,5
258,45,9
259,41,4
260,44,6
261,46,10
262,41,4
263,43,8
264,48,11
265,44,9
266,41,6
267,47,9
268,42,8
269,48,7
270,47,5
271,43,4
272,40,1
273,39,7
274,39,5
275,51,9
276,41,0
277,52,16
278,38,2
279,46,6
280,41,3
281,51,12
282,51,12
283,43,4
284,37,4
285,52,9
286,37,1
287,47,10
288,46,8
289,42,9
290,38,1
291,40,2
292,41,5
293,44,7
294,43,4
295,39,2
296,44,6
297,42,2
298,40,5
299,41,4
300,50,11
301,40,4
302,41,3
303,44,3
304,49,7
305,39,2
306,40,2
307,40,0
308,49,14
309,52,9
310,47,7
311,38,3
312,46,7
313,44,7
314,57,21
315,38,0
316,43,6
317,41,2
318,39,2
319,40,4
320,37,2
321,40,6
322,45,7
323,44,3
324,43,4
325,41,7
326,41,4
327,39,2
328,39,2
329,39,1
330,49,6
331,44,8
332,54,14
333,34,0
334,42,5
335,45,6
336,37,4
337,56,13
338,40,2
339,51,10
340,36,2
341,47,11
342,42,9
343,39,5
344,39,3
345,48,10
346,50,5
347,42,3
348,46,6
349,43,5
350,40,4
351,52,14
352,40,2
353,43,7
354,44,6
355,41,2
356,39,5
357,41,3
358,44,7
359,42,6
360,42,4
361,51,11
362,38,5
363,35,0
364,46,6
365,42,3
366,46,10
367,54,13
368,39,6
369,41,7
370,40,3
371,44,5
372,49,9
373,48,10
374,50,15
375,45,5
376,43,2
377,49,12
378,37,3
379,43,7
380,39,4
381,39,2
382,42,1
383,45,7
384,31,0
385,44,8
386,58,16
387,42,3
388,38,3
389,32,0
390,43,6
391,41,4
392,43,8
393,38,5
394,41,2
395,51,8
396,46,5
397,42,5
398,45,11
399,45,3
400,43,6
401,48,7
402,49,6
403,41,5
404,42,6
405,43,5
406,40,2
407,40,6
408,46,6
409,36,2
410,34,3
411,42,5
412,45,6
413,36,2
414,42,3
415,47,13
416,37,4
417,56,17
418,43,2
419,39,4
420,44,1
421,42,4
422,41,0
423,43,5
424,47,7
425,47,10
426,36,2
427,42,2
428,37,1
429,41,2
430,37,7
431,31,1
432,48,11
433,38,2
434,45,4
435,44,9
436,42,11
437,48,5
438,37,3
439,38,3
440,47,7
441,36,0
442,39,2
443,51,12
444,41,4
445,31,0
446,49,9
447,44,4
448,47,8
449,48,5
450,37,2
451,46,1
452,52,11
453,46,9
454,46,5
455,40,4
456,37,3
457,35,1
458,44,4
459,42,2
460,47,10
461,42,5
462,37,1
463,44,6
464,42,4
465,42,4
466,41,4
467,51,13
468,39,5
469,45,8
470,41,3
471,34,0
472,42,5
473,44,2
474,43,11
475,46,8
476,38,3
477,39,1
478,50,11
479,47,6
480,42,4
481,46,4
482,35,0
483,44,7
484,38,0
485,43,5
486,45,8
487,42,4
488,44,5
489,37,2
490,51,14
491,38,4
492,45,10
493,35,2
494,37,7
495,41,6
496,51,15
497,40,5
498,47,7
499,47,6
500,39,2
501,49,9
502,37,1
503,40,4
504,49,10
505,51,8
506,43,7
507,35,0
508,41,5
509,40,3
510,42,6
511,36,0
512,39,5
513,42,3
514,45,6
515,38,2
516,52,15
517,39,3
518,44,6
519,43,6
520,59,14
521,41,4
522,39,4
523,41,3
524,42,6
525,45,4
526,43,8
527,41,6
528,42,5
529,34,1
530,39,2
531,52,9
532,47,7
533,41,5
534,47,7
535,43,4
536,39,3
537,41,4
538,31,0
539,46,8
540,40,3
541,47,8
542,45,10
543,38,2
544,40,4
545,41,2
546,41,4
547,39,2
548,35,0
549,42,1
550,41,5
551,49,9
552,31,0
553,40,3
554,39,6
555,54,13
556,51,10
557,52,10
558,38,0
559,47,12
560,43,3
561,42,5
562,39,6
563,37,2
564,40,4
565,46,6
566,39,0
567,45,6
568,46,3
569,45,5
570,45,5
571,49,8
572,36,0
573,38,6
574,53,11
575,41,6
576,42,4
577,48,5
578,46,11
579,39,4
580,39,4
581,42,5
582,39,3
583,39,3
584,51,10
585,45,6
586,46,11
587,46,6
588,47,4
589,38,1
590,40,3
591,49,11
592,48,12
593,45,9
594,36,3
595,46,5
596,36,1
597,56,10
598,47,10
599,45,8
600,39,3
601,40,2
602,46,8
603,50,13
604,51,11
605,36,3
606,45,6
607,40,4
608,40,3
609,41,2
610,38,2
611,46,3
612,44,2
613,53,11
614,38,3
615,44,5
616,38,2
617,39,7
618,44,5
619,40,3
620,38,0
621,51,10
622,40,3
623,41,2
624,39,4
625,34,3
626,41,2
627,44,8
628,44,2
629,44,9
630,38,1
631,46,10
632,45,4
633,42,4
634,46,7
635,53,9
636,42,7
637,41,4
638,43,2
639,44,5
640,42,3
641,39,6
642,40,2
643,49,13
644,47,9
645,51,10
646,44,6
647,31,2
648,48,7
649,34,0
650,44,6
651,43,5
652,52,6
653,41,2
654,39,2
655,46,4
656,45,5
657,41,6
658,35,1
659,37,3
660,38,3
661,46,8
662,43,3
663,42,2
664,34,1
665,37,3
666,42,6
667,43,2
668,38,4
669,36,0
670,57,15
671,51,12
672,46,9
673,45,4
674,48,10
675,37,1
676,38,0
677,42,5
678,41,3
679,51,14
680,41,1
681,40,4
682,42,2
683,38,3
684,42,6
685,36,2
686,48,6
687,43,4
688,38,1
689,43,5
690,37,3
691,52,12
692,49,6
693,43,6
694,47,12
695,46,5
696,34,1
697,41,4
698,42,3
699,45,5
700,44,3
701,45,4
702,40,1
703,48,9
704,41,2
705,47,9
706,37,1
707,45,2
708,52,7
709,47,6
710,40,5
711,39,2
712,46,9
713,38,3
714,37,1
715,41,4
716,43,4
717,48,4
718,53,14
719,39,1
720,35,4
721,40,5
722,34,0
723,38,4
724,38,3
725,44,8
726,49,10
727,37,3
728,44,3
729,51,10
730,44,9
731,37,5
732,47,8
733,39,3
734,43,5
735,37,1
736,42,2
737,39,5
738,42,2
739,38,3
740,49,8
741,41,3
742,45,4
743,39,2
744,40,2
745,37,3
746,54,11
747,45,6
748,40,3
749,45,8
750,46,8
751,44,8
752,44,2
753,37,3
754,41,4
755,45,4
756,37,2
757,47,11
758,46,3
759,48,9
760,40,1
761,37,6
762,39,0
763,37,1
764,45,6
765,49,8
766,43,6
767,42,4
768,43,6
769,43,6
770,40,1
771,49,13
772,49,9
773,51,12
774,41,4
775,50,5
776,44,4
777,40,4
778,46,6
779,49,9
780,44,3
781,39,2
782,42,3
783,46,5
784,49,6
785,44,3
786,38,2
787,42,7
788,46,6
789,46,10
790,40,1
791,35,0
792,50,8
793,51,7
794,39,4
795,39,1
796,48,5
797,42,6
798,46,13
799,39,2
800,46,5
801,49,9
802,50,11
803,36,2
804,45,5
805,51,13
806,50,11
807,40,4
808,44,6
809,33,1
810,46,4
811,38,0
812,43,6
813,37,4
814,42,8
815,37,4
816,48,8
817,40,2
818,49,5
819,48,4
820,43,6
821,40,2
822,36,3
823,39,7
824,48,5
825,38,2
826,48,8
827,42,5
828,42,4
829,35,5
830,43,5
831,33,3
832,36,2
833,32,1
834,37,2
835,37,0
836,48,4
837,42,3
838,48,9
839,39,4
840,47,6
841,38,3
842,37,3
843,38,5
844,30,0
845,35,2
846,41,6
847,38,0
848,43,5
849,42,1
850,41,3
851,46,11
852,49,8
853,50,10
854,37,4
855,38,4
856,39,3
857,38,7
858,46,5
859,45,2
860,41,5
861,45,6
862,56,13
863,39,3
864,46,3
865,40,4
866,33,2
867,41,5
868,44,6
869,34,0
870,44,4
871,40,3
872,39,2
873,39,1
874,50,12
875,45,4
876,43,8
877,37,3
878,39,5
879,39,3
880,49,8
881,40,6
882,39,4
883,35,0
884,40,4
885,41,6
886,41,4
887,50,7
888,47,7
889,42,4
890,43,4
891,41,4
892,34,0
893,40,6
894,44,8
895,45,3
896,39,2
897,42,4
898,40,5
899,37,1
900,38,2
901,39,6
902,48,7
903,45,6
904,42,7
905,48,10
906,38,4
907,47,12
908,44,6
909,45,4
910,48,4
911,48,11
912,41,2
913,47,5
914,49,6
915,48,10
916,37,2
917,47,10
918,43,5
919,42,4
920,41,6
921,47,6
922,40,3
923,37,4
924,40,2
925,39,2
926,43,4
927,43,4
928,40,4
929,46,9
930,45,7
931,39,0
932,37,2
933,43,5
934,38,2
935,48,7
936,41,8
937,43,4
938,39,3
939,40,2
940,43,6
941,41,4
942,43,3
943,45,6
944,47,11
945,49,8
946,42,2
947,47,10
948,47,9
949,58,17
950,44,8
951,45,6
952,47,5
953,41,3
954,43,7
955,38,6
956,39,6
957,40,3
958,46,6
959,51,6
960,42,5
961,46,9
962,32,0
963,48,8
964,44,6
965,44,3
966,43,5
967,43,8
968,42,6
969,41,4
970,39,3
971,42,2
972,38,2
973,47,10
974,45,7
975,55,13
976,43,6
977,39,6
978,45,9
979,42,6
980,50,5
981,46,6
982,40,3
983,48,12
984,48,14
985,36,1
986,47,10
987,41,3
988,40,6
989,49,7
990,41,3
991,41,5
992,49,8
993,37,2
994,40,3
995,39,0
996,43,5
997,49,14
998,37,1
999,43,10
1000,50,8
