NUM,ATBAT,SCORE
1,44,7
2,38,3
3,39,1
4,38,2
5,40,6
6,40,5
7,36,3
8,37,2
9,44,10
10,40,7
11,37,2
12,33,0
13,46,7
14,39,2
15,42,5
16,36,0
17,38,1
18,38,2
19,36,1
20,39,4
21,40,5
22,39,3
23,39,1
24,43,6
25,44,8
26,37,2
27,42,3
28,37,0
29,40,4
30,45,7
31,43,5
32,46,9
33,40,2
34,43,8
35,37,2
36,35,3
37,39,6
38,48,10
39,37,1
40,34,0
41,38,3
42,32,1
43,41,6
44,38,2
45,42,7
46,43,6
47,34,2
48,38,3
49,40,5
50,45,7
51,34,2
52,42,3
53,43,4
54,41,5
55,33,0
56,33,1
57,37,0
58,41,5
59,37,2
60,40,5
61,36,4
62,37,0
63,45,9
64,40,2
65,45,6
66,41,1
67,40,3
68,37,4
69,34,2
70,38,3
71,34,2
72,38,0
73,38,3
74,31,0
75,45,7
76,33,1
77,45,8
78,38,6
79,36,3
80,39,1
81,35,2
82,44,7
83,32,1
84,39,2
85,42,2
86,41,6
87,45,9
88,44,8
89,45,10
90,32,0
91,39,3
92,44,7
93,35,1
94,38,4
95,46,6
96,33,3
97,38,6
98,45,6
99,42,7
100,37,4
101,39,6
102,42,5
103,44,8
104,33,1
105,39,0
106,36,1
107,42,1
108,42,5
109,34,3
110,36,0
111,40,3
112,43,6
113,33,0
114,35,1
115,42,8
116,38,3
117,44,4
118,39,3
119,40,8
120,42,6
121,40,1
122,42,4
123,42,2
124,42,6
125,42,3
126,39,6
127,47,7
128,44,7
129,40,4
130,32,2
131,40,6
132,39,2
133,37,2
134,36,3
135,57,17
136,35,0
137,43,2
138,40,5
139,38,3
140,38,2
141,35,0
142,37,3
143,36,4
144,42,5
145,38,5
146,43,8
147,41,4
148,40,3
149,42,8
150,36,0
151,42,6
152,32,0
153,37,4
154,34,1
155,37,3
156,34,1
157,38,2
158,33,2
159,34,2
160,35,2
161,45,8
162,34,1
163,42,3
164,36,3
165,32,2
166,38,6
167,40,3
168,44,2
169,42,5
170,38,5
171,39,0
172,31,0
173,34,0
174,45,8
175,35,3
176,39,4
177,48,6
178,32,0
179,40,4
180,39,2
181,34,2
182,42,7
183,38,0
184,45,6
185,41,2
186,43,6
187,39,2
188,36,2
189,47,13
190,43,4
191,37,2
192,44,6
193,44,9
194,41,8
195,41,6
196,38,3
197,43,6
198,39,5
199,41,5
200,40,2
201,45,10
202,47,8
203,36,1
204,50,10
205,39,3
206,42,6
207,34,0
208,44,5
209,38,2
210,35,1
211,34,1
212,44,5
213,45,4
214,34,0
215,36,4
216,38,3
217,33,2
218,41,6
219,39,7
220,35,0
221,36,2
222,38,0
223,39,4
224,37,5
225,35,2
226,42,8
227,33,2
228,39,4
229,37,4
230,39,5
231,40,6
232,36,0
233,44,7
234,42,8
235,39,5
236,39,5
237,33,2
238,41,6
239,44,9
240,41,7
241,43,7
242,46,7
243,43,5
244,43,4
245,34,2
246,48,6
247,37,2
248,44,9
249,48,8
250,40,2
251,37,2
252,37,4
253,37,1
254,41,3
255,42,3
256,35,1
257,39,7
258,37,4
259,53,16
260,36,3
261,35,4
262,38,1
263,42,5
264,38,8
265,38,6
266,32,1
267,44,3
268,46,10
269,43,1
270,48,12
271,41,5
272,36,2
273,43,4
274,41,2
275,38,5
276,40,2
277,44,6
278,35,0
279,37,2
280,39,3
281,47,9
282,36,0
283,39,8
284,36,2
285,42,6
286,36,2
287,37,4
288,36,2
289,38,4
290,44,6
291,44,13
292,40,5
293,36,5
294,37,6
295,34,1
296,34,4
297,39,3
298,36,2
299,47,7
300,42,7
301,39,5
302,37,0
303,49,11
304,37,1
305,40,2
306,39,6
307,40,6
308,42,4
309,41,3
310,39,3
311,45,11
312,42,6
313,40,7
314,38,4
315,40,4
316,38,4
317,38,2
318,40,10
319,41,6
320,33,0
321,45,8
322,44,9
323,40,2
324,34,3
325,38,5
326,39,3
327,51,13
328,40,5
329,49,9
330,43,6
331,37,1
332,36,2
333,41,6
334,40,4
335,38,2
336,41,4
337,43,5
338,37,5
339,38,5
340,31,1
341,35,2
342,31,1
343,40,6
344,40,4
345,46,11
346,40,5
347,41,4
348,37,1
349,45,5
350,39,5
351,38,4
352,49,10
353,38,2
354,37,3
355,44,7
356,46,6
357,34,0
358,34,2
359,44,4
360,36,3
361,37,6
362,40,6
363,35,3
364,46,8
365,43,4
366,41,7
367,40,5
368,36,3
369,40,2
370,35,0
371,34,1
372,41,3
373,40,3
374,33,1
375,41,2
376,37,1
377,34,1
378,38,2
379,41,7
380,35,3
381,36,3
382,39,5
383,35,2
384,37,0
385,43,7
386,42,2
387,40,7
388,37,3
389,38,4
390,39,0
391,32,0
392,36,1
393,38,3
394,38,0
395,37,2
396,36,2
397,39,6
398,41,6
399,43,4
400,37,4
401,43,8
402,33,0
403,39,5
404,30,1
405,41,5
406,38,3
407,35,2
408,43,4
409,34,5
410,42,7
411,45,10
412,36,1
413,35,3
414,39,4
415,39,4
416,37,1
417,41,8
418,39,4
419,40,5
420,44,5
421,40,4
422,33,1
423,34,2
424,32,0
425,35,3
426,38,3
427,50,10
428,35,2
429,44,2
430,35,1
431,40,2
432,42,6
433,40,0
434,38,2
435,42,5
436,40,7
437,41,5
438,44,8
439,36,1
440,40,6
441,43,8
442,39,5
443,34,0
444,38,1
445,48,7
446,31,1
447,43,3
448,38,0
449,40,6
450,43,4
451,39,2
452,53,18
453,39,3
454,40,4
455,41,6
456,35,2
457,42,9
458,38,3
459,35,3
460,37,0
461,41,8
462,38,5
463,31,1
464,33,1
465,39,4
466,40,3
467,37,2
468,37,5
469,46,5
470,45,11
471,35,2
472,47,9
473,40,3
474,37,0
475,44,4
476,35,3
477,43,3
478,36,3
479,33,1
480,49,11
481,44,7
482,44,7
483,34,1
484,49,7
485,42,3
486,41,1
487,42,3
488,41,6
489,35,1
490,37,2
491,32,0
492,36,2
493,37,3
494,46,8
495,32,1
496,36,1
497,37,4
498,40,3
499,39,7
500,32,1
501,43,4
502,40,3
503,46,9
504,36,5
505,46,6
506,41,3
507,41,4
508,35,5
509,40,6
510,37,0
511,31,0
512,32,1
513,34,1
514,43,9
515,45,8
516,39,3
517,38,6
518,43,10
519,40,2
520,41,3
521,41,3
522,34,1
523,43,5
524,38,5
525,41,4
526,31,2
527,36,1
528,45,9
529,43,8
530,38,4
531,44,4
532,43,7
533,35,0
534,39,6
535,36,1
536,46,7
537,42,5
538,42,6
539,43,5
540,35,3
541,35,2
542,33,3
543,36,2
544,43,8
545,33,2
546,39,1
547,41,8
548,54,12
549,41,4
550,37,3
551,42,7
552,34,3
553,39,2
554,38,3
555,32,0
556,35,0
557,42,5
558,34,3
559,48,11
560,41,10
561,37,3
562,39,5
563,40,4
564,45,9
565,35,1
566,42,3
567,39,5
568,40,4
569,34,1
570,39,5
571,40,3
572,40,5
573,38,1
574,37,5
575,46,9
576,41,4
577,43,5
578,42,4
579,42,4
580,45,7
581,42,2
582,38,2
583,34,0
584,34,1
585,38,4
586,30,1
587,36,1
588,36,2
589,33,0
590,43,3
591,36,0
592,39,8
593,39,2
594,37,2
595,37,2
596,32,0
597,37,3
598,40,1
599,34,0
600,40,3
601,33,2
602,39,7
603,38,0
604,40,3
605,40,3
606,34,1
607,36,2
608,39,4
609,38,3
610,38,7
611,38,4
612,40,8
613,42,4
614,46,10
615,37,2
616,40,6
617,33,0
618,35,2
619,39,2
620,41,5
621,35,2
622,36,1
623,41,4
624,38,5
625,35,1
626,34,1
627,38,3
628,47,7
629,45,11
630,39,5
631,40,9
632,35,2
633,42,3
634,37,5
635,48,6
636,41,4
637,34,0
638,43,7
639,37,4
640,42,6
641,37,2
642,43,8
643,53,14
644,42,5
645,33,2
646,41,2
647,41,4
648,35,0
649,40,3
650,38,2
651,42,11
652,35,1
653,37,1
654,37,1
655,39,7
656,35,5
657,37,1
658,36,2
659,39,1
660,41,2
661,40,6
662,42,5
663,38,3
664,39,5
665,31,0
666,43,2
667,47,10
668,34,1
669,36,1
670,37,0
671,34,3
672,32,0
673,36,3
674,35,0
675,39,7
676,45,4
677,39,3
678,45,11
679,35,0
680,39,2
681,30,1
682,41,5
683,39,2
684,34,1
685,35,1
686,43,6
687,38,6
688,40,8
689,39,3
690,47,9
691,37,1
692,40,7
693,38,2
694,42,10
695,36,3
696,32,0
697,44,7
698,35,4
699,34,1
700,37,1
701,34,0
702,34,1
703,37,2
704,36,3
705,41,4
706,39,6
707,46,8
708,34,1
709,32,2
710,40,7
711,42,7
712,54,14
713,40,8
714,39,0
715,33,0
716,35,2
717,43,3
718,39,3
719,42,1
720,36,0
721,40,1
722,39,3
723,39,6
724,32,1
725,40,2
726,36,2
727,45,4
728,41,5
729,36,1
730,37,0
731,43,7
732,47,8
733,40,9
734,36,1
735,45,6
736,52,11
737,37,2
738,42,4
739,35,3
740,38,2
741,34,1
742,37,3
743,38,4
744,44,9
745,38,3
746,39,0
747,37,1
748,46,5
749,39,3
750,38,1
751,44,3
752,38,3
753,36,4
754,39,1
755,36,2
756,29,0
757,38,3
758,37,1
759,37,1
760,42,6
761,37,2
762,32,0
763,41,1
764,38,7
765,44,7
766,34,3
767,38,5
768,37,1
769,34,2
770,48,9
771,47,12
772,44,5
773,37,6
774,37,2
775,35,1
776,39,2
777,40,1
778,42,6
779,45,8
780,39,3
781,38,4
782,38,0
783,41,0
784,36,1
785,35,0
786,36,6
787,33,1
788,39,1
789,34,1
790,36,5
791,33,2
792,38,2
793,36,1
794,39,3
795,37,1
796,46,11
797,35,0
798,32,3
799,38,3
800,38,5
801,35,1
802,33,1
803,39,1
804,46,10
805,46,5
806,41,4
807,44,7
808,48,11
809,49,9
810,38,3
811,40,7
812,36,4
813,37,4
814,37,1
815,39,1
816,37,6
817,43,7
818,36,2
819,36,2
820,41,3
821,36,1
822,45,8
823,36,2
824,36,1
825,35,1
826,37,1
827,38,2
828,36,1
829,42,10
830,34,1
831,39,4
832,30,0
833,35,3
834,44,11
835,31,1
836,43,9
837,41,8
838,36,4
839,40,3
840,39,5
841,39,2
842,46,7
843,38,5
844,33,0
845,45,6
846,35,0
847,41,8
848,33,1
849,40,1
850,46,9
851,50,16
852,47,8
853,36,2
854,41,4
855,43,10
856,39,4
857,43,5
858,37,3
859,46,7
860,38,4
861,33,0
862,38,2
863,34,1
864,47,7
865,39,4
866,40,5
867,45,5
868,43,7
869,37,4
870,40,6
871,45,8
872,44,9
873,38,3
874,34,1
875,46,7
876,41,7
877,35,1
878,31,0
879,45,10
880,42,5
881,32,1
882,41,3
883,37,0
884,39,1
885,46,7
886,39,6
887,38,3
888,42,6
889,42,8
890,34,1
891,35,1
892,38,1
893,36,2
894,37,2
895,40,6
896,36,0
897,37,0
898,38,3
899,42,9
900,37,2
901,41,4
902,50,10
903,32,0
904,37,4
905,37,1
906,42,6
907,46,7
908,40,4
909,38,6
910,33,2
911,40,5
912,37,0
913,35,1
914,38,7
915,43,4
916,34,1
917,40,5
918,34,3
919,47,8
920,42,3
921,36,7
922,47,9
923,39,3
924,46,12
925,36,4
926,40,3
927,47,10
928,43,6
929,34,2
930,47,12
931,50,12
932,39,3
933,39,6
934,36,1
935,38,2
936,32,0
937,39,5
938,39,3
939,36,4
940,33,0
941,32,0
942,36,0
943,43,4
944,42,10
945,43,7
946,43,8
947,37,4
948,41,2
949,49,2
950,41,7
951,40,4
952,40,5
953,40,8
954,38,4
955,38,1
956,40,5
957,32,1
958,35,0
959,49,11
960,35,0
961,38,1
962,41,8
963,36,3
964,37,1
965,31,0
966,41,6
967,40,2
968,39,1
969,44,6
970,37,2
971,44,9
972,39,2
973,39,4
974,47,12
975,32,0
976,36,3
977,35,2
978,37,2
979,36,3
980,40,4
981,42,10
982,51,12
983,47,10
984,44,10
985,40,7
986,38,6
987,44,2
988,38,4
989,36,0
990,39,1
991,38,4
992,40,6
993,41,8
994,45,6
995,45,8
996,38,2
997,42,4
998,39,1
999,39,1
1000,39,2
