NUM,ATBAT,SCORE
1,38,0
2,48,6
3,45,4
4,41,4
5,47,5
6,37,1
7,40,3
8,43,4
9,40,4
10,41,5
11,35,0
12,38,2
13,51,13
14,50,8
15,46,4
16,43,5
17,47,10
18,42,4
19,49,9
20,37,5
21,46,9
22,39,4
23,44,3
24,53,13
25,53,14
26,48,7
27,37,5
28,36,2
29,48,9
30,41,3
31,40,2
32,37,2
33,40,1
34,42,1
35,45,6
36,51,11
37,44,5
38,36,1
39,50,5
40,47,8
41,44,4
42,54,12
43,48,4
44,42,4
45,39,0
46,38,2
47,44,1
48,46,5
49,45,4
50,44,8
51,40,2
52,45,9
53,43,3
54,37,3
55,42,4
56,49,13
57,41,3
58,42,3
59,49,7
60,44,5
61,41,8
62,50,5
63,54,15
64,37,0
65,31,0
66,45,2
67,46,7
68,46,6
69,44,6
70,47,5
71,39,4
72,43,6
73,48,5
74,46,10
75,55,9
76,48,7
77,36,1
78,44,2
79,52,11
80,37,1
81,45,6
82,48,9
83,45,10
84,41,6
85,51,8
86,38,3
87,56,10
88,36,0
89,42,4
90,52,10
91,41,0
92,36,3
93,48,5
94,41,5
95,47,8
96,47,7
97,43,3
98,41,4
99,40,4
100,41,4
101,39,4
102,42,0
103,52,9
104,38,1
105,37,2
106,47,8
107,41,3
108,41,5
109,47,9
110,49,9
111,37,3
112,48,9
113,39,2
114,61,15
115,55,18
116,35,1
117,45,5
118,43,1
119,36,2
120,44,13
121,38,2
122,40,3
123,44,4
124,41,4
125,36,0
126,47,10
127,44,5
128,44,5
129,36,0
130,43,6
131,39,1
132,47,4
133,49,12
134,51,9
135,46,6
136,37,1
137,52,9
138,39,2
139,42,4
140,34,0
141,45,5
142,41,1
143,47,4
144,41,3
145,43,6
146,44,7
147,56,12
148,41,1
149,43,5
150,41,2
151,49,10
152,53,15
153,43,4
154,45,10
155,43,4
156,48,10
157,45,7
158,40,5
159,39,3
160,35,2
161,49,9
162,46,8
163,48,7
164,53,8
165,36,0
166,43,3
167,43,3
168,39,4
169,39,6
170,38,1
171,41,3
172,46,6
173,39,2
174,50,12
175,40,4
176,39,3
177,41,3
178,48,8
179,37,1
180,50,12
181,43,2
182,50,10
183,36,3
184,37,2
185,50,14
186,48,5
187,50,13
188,38,0
189,38,0
190,42,3
191,36,1
192,44,5
193,47,10
194,51,11
195,44,3
196,38,5
197,36,1
198,40,4
199,54,15
200,53,11
201,43,5
202,41,1
203,39,3
204,52,6
205,50,14
206,47,11
207,46,8
208,39,6
209,49,12
210,38,2
211,42,3
212,59,17
213,41,1
214,47,11
215,41,1
216,41,3
217,48,11
218,38,3
219,40,4
220,37,2
221,47,10
222,48,6
223,43,6
224,50,8
225,43,9
226,46,12
227,46,7
228,36,2
229,46,6
230,40,3
231,38,6
232,44,5
233,44,8
234,35,0
235,42,1
236,48,9
237,48,11
238,53,14
239,42,3
240,44,3
241,49,6
242,44,8
243,41,5
244,53,9
245,48,6
246,38,2
247,43,2
248,33,0
249,39,4
250,49,8
251,47,5
252,46,5
253,39,3
254,37,3
255,39,2
256,35,1
257,37,1
258,43,4
259,38,1
260,43,2
261,42,7
262,45,8
263,44,6
264,36,2
265,46,5
266,46,5
267,44,6
268,43,8
269,46,7
270,43,5
271,45,7
272,37,1
273,43,5
274,40,2
275,42,6
276,45,4
277,47,10
278,40,6
279,49,10
280,40,3
281,46,10
282,47,9
283,48,6
284,46,9
285,41,3
286,45,4
287,41,4
288,36,2
289,36,1
290,52,9
291,32,1
292,38,1
293,44,5
294,45,7
295,38,3
296,42,5
297,46,6
298,49,5
299,50,4
300,40,2
301,53,10
302,41,5
303,44,3
304,49,10
305,39,3
306,54,12
307,48,9
308,41,3
309,50,12
310,42,4
311,42,5
312,50,9
313,44,5
314,49,11
315,42,3
316,40,5
317,44,6
318,50,8
319,43,3
320,45,6
321,41,2
322,40,4
323,46,3
324,44,4
325,41,3
326,36,1
327,39,1
328,42,3
329,48,14
330,40,2
331,38,2
332,48,5
333,45,2
334,39,5
335,44,2
336,38,1
337,40,3
338,45,3
339,47,8
340,47,7
341,40,6
342,45,8
343,42,4
344,45,4
345,48,10
346,48,7
347,50,7
348,46,4
349,47,5
350,46,7
351,46,8
352,40,3
353,44,5
354,42,3
355,44,6
356,41,6
357,44,5
358,48,10
359,39,6
360,45,3
361,50,8
362,53,8
363,36,1
364,46,2
365,38,3
366,40,3
367,45,7
368,40,1
369,46,7
370,48,10
371,36,2
372,39,4
373,43,6
374,45,5
375,35,0
376,39,4
377,45,5
378,52,9
379,41,6
380,42,6
381,33,0
382,49,8
383,45,7
384,43,4
385,45,5
386,36,0
387,45,7
388,39,1
389,46,7
390,39,4
391,41,4
392,46,3
393,35,1
394,44,5
395,48,5
396,51,10
397,36,0
398,60,19
399,50,6
400,39,2
401,55,13
402,46,5
403,39,4
404,50,6
405,47,7
406,48,7
407,44,5
408,46,6
409,38,2
410,37,1
411,44,4
412,36,1
413,36,0
414,49,8
415,40,4
416,49,10
417,39,6
418,43,3
419,44,5
420,42,6
421,43,5
422,47,6
423,38,1
424,41,3
425,47,12
426,41,0
427,50,6
428,45,8
429,54,13
430,44,9
431,43,5
432,40,4
433,48,7
434,36,0
435,49,12
436,47,6
437,40,2
438,47,10
439,49,8
440,40,2
441,43,4
442,52,13
443,38,5
444,34,1
445,39,6
446,42,1
447,37,2
448,51,16
449,34,0
450,48,8
451,56,11
452,45,7
453,52,10
454,55,10
455,51,7
456,39,3
457,37,1
458,49,12
459,51,14
460,41,4
461,47,5
462,41,4
463,37,2
464,43,6
465,48,12
466,39,4
467,43,9
468,39,5
469,42,5
470,45,6
471,37,0
472,39,2
473,48,9
474,49,9
475,46,6
476,43,3
477,42,3
478,40,1
479,51,11
480,45,7
481,56,15
482,37,2
483,38,5
484,46,10
485,59,19
486,39,3
487,36,1
488,46,8
489,52,7
490,43,8
491,38,1
492,47,7
493,48,6
494,48,4
495,45,5
496,45,8
497,40,2
498,53,15
499,45,8
500,39,3
501,55,9
502,38,1
503,37,1
504,45,4
505,41,7
506,49,11
507,49,7
508,48,10
509,47,8
510,44,6
511,40,1
512,40,3
513,44,4
514,39,5
515,46,6
516,46,5
517,49,10
518,48,5
519,44,3
520,41,2
521,38,3
522,39,4
523,41,1
524,45,7
525,42,6
526,42,6
527,50,12
528,49,7
529,48,8
530,43,4
531,40,2
532,35,0
533,42,2
534,35,0
535,44,3
536,45,6
537,43,5
538,45,9
539,44,6
540,35,4
541,43,5
542,35,2
543,38,2
544,42,5
545,48,4
546,36,0
547,32,1
548,41,3
549,44,7
550,48,8
551,45,5
552,42,2
553,45,7
554,47,4
555,43,5
556,42,9
557,49,8
558,44,3
559,44,4
560,43,3
561,43,3
562,46,4
563,42,6
564,47,12
565,41,4
566,46,9
567,49,5
568,41,3
569,42,5
570,35,1
571,47,10
572,38,2
573,54,14
574,45,5
575,36,2
576,39,3
577,46,5
578,40,5
579,41,4
580,42,1
581,41,3
582,42,2
583,41,1
584,43,7
585,39,5
586,47,6
587,39,1
588,40,2
589,40,3
590,42,3
591,56,14
592,34,3
593,42,3
594,41,3
595,49,6
596,36,0
597,43,4
598,40,4
599,38,1
600,42,7
601,37,3
602,39,1
603,38,1
604,40,1
605,38,1
606,39,5
607,46,11
608,44,9
609,41,3
610,44,6
611,42,4
612,32,0
613,44,9
614,38,2
615,43,2
616,48,7
617,46,3
618,41,1
619,42,4
620,41,5
621,44,7
622,46,7
623,49,9
624,43,4
625,42,3
626,44,5
627,35,0
628,42,5
629,39,2
630,44,9
631,44,4
632,43,6
633,37,5
634,42,7
635,48,7
636,45,6
637,49,6
638,37,2
639,37,4
640,44,7
641,52,11
642,48,9
643,47,7
644,52,15
645,46,9
646,39,2
647,40,0
648,38,1
649,47,8
650,49,10
651,43,5
652,42,1
653,48,7
654,47,7
655,35,0
656,33,2
657,51,9
658,47,9
659,33,1
660,54,10
661,46,7
662,49,9
663,40,4
664,43,3
665,46,5
666,41,5
667,44,8
668,34,0
669,43,8
670,52,14
671,39,2
672,48,6
673,39,1
674,52,10
675,49,10
676,37,3
677,45,8
678,40,1
679,40,4
680,39,5
681,50,10
682,43,4
683,45,3
684,52,9
685,41,4
686,38,0
687,39,2
688,41,0
689,46,7
690,39,0
691,49,5
692,38,2
693,41,4
694,47,6
695,42,2
696,44,10
697,49,10
698,53,9
699,48,11
700,39,3
701,40,3
702,48,10
703,41,2
704,38,2
705,42,2
706,45,9
707,40,4
708,50,8
709,40,1
710,37,0
711,42,5
712,38,3
713,40,6
714,45,8
715,44,6
716,40,1
717,48,8
718,48,2
719,39,1
720,48,6
721,46,6
722,51,11
723,40,4
724,35,2
725,52,12
726,46,12
727,35,1
728,39,1
729,45,3
730,41,4
731,41,1
732,38,0
733,51,8
734,48,11
735,51,11
736,37,1
737,44,5
738,55,13
739,52,14
740,43,2
741,42,6
742,45,6
743,41,4
744,48,6
745,38,1
746,46,8
747,42,4
748,38,2
749,32,1
750,46,4
751,37,0
752,42,5
753,47,9
754,44,8
755,49,8
756,54,12
757,51,6
758,41,5
759,57,17
760,36,0
761,47,4
762,41,4
763,37,2
764,46,10
765,39,7
766,49,8
767,49,9
768,39,6
769,43,4
770,46,7
771,39,3
772,59,16
773,45,5
774,35,2
775,47,10
776,47,6
777,39,3
778,47,9
779,39,2
780,46,6
781,48,10
782,45,5
783,44,5
784,44,7
785,37,0
786,48,8
787,37,1
788,49,10
789,47,5
790,49,11
791,41,8
792,38,2
793,40,4
794,46,11
795,58,13
796,42,4
797,43,4
798,42,1
799,44,5
800,40,1
801,40,4
802,38,4
803,42,5
804,45,3
805,51,8
806,37,1
807,43,5
808,53,10
809,39,5
810,51,12
811,47,5
812,44,3
813,48,9
814,46,9
815,41,2
816,42,5
817,38,2
818,50,7
819,42,5
820,47,11
821,40,3
822,51,8
823,46,8
824,39,2
825,44,6
826,45,6
827,39,2
828,41,4
829,45,3
830,44,5
831,49,9
832,54,14
833,44,4
834,38,2
835,40,2
836,47,7
837,47,2
838,43,3
839,38,2
840,50,10
841,43,4
842,45,7
843,35,0
844,58,16
845,46,5
846,41,4
847,49,7
848,42,4
849,34,3
850,49,7
851,42,3
852,43,3
853,48,8
854,45,5
855,41,3
856,38,3
857,41,3
858,49,9
859,45,7
860,40,1
861,40,7
862,43,2
863,41,4
864,43,9
865,44,7
866,45,5
867,42,5
868,39,3
869,44,2
870,47,8
871,48,11
872,35,0
873,40,0
874,43,4
875,36,2
876,48,5
877,49,8
878,42,4
879,47,9
880,42,2
881,44,3
882,32,1
883,54,11
884,43,6
885,32,0
886,41,7
887,43,6
888,45,5
889,51,13
890,47,9
891,47,9
892,52,10
893,40,3
894,48,5
895,44,7
896,41,1
897,40,3
898,38,4
899,41,4
900,39,1
901,51,9
902,44,6
903,48,9
904,38,5
905,37,2
906,42,4
907,49,5
908,36,1
909,54,15
910,52,11
911,48,9
912,45,6
913,45,5
914,47,6
915,40,3
916,43,6
917,42,6
918,45,6
919,45,6
920,39,6
921,42,8
922,53,16
923,39,2
924,42,2
925,38,0
926,35,0
927,42,4
928,41,3
929,49,14
930,45,6
931,40,2
932,49,9
933,37,2
934,43,6
935,55,15
936,48,11
937,41,5
938,38,2
939,38,0
940,42,2
941,46,7
942,47,4
943,44,9
944,42,9
945,52,11
946,53,12
947,54,14
948,48,7
949,46,5
950,46,6
951,38,3
952,48,8
953,40,4
954,46,3
955,52,12
956,46,6
957,34,1
958,39,2
959,40,0
960,42,6
961,45,10
962,46,10
963,44,7
964,55,15
965,39,1
966,45,9
967,51,12
968,40,1
969,50,8
970,43,5
971,44,8
972,43,2
973,35,0
974,47,5
975,56,10
976,48,7
977,47,3
978,38,2
979,42,3
980,44,3
981,41,2
982,41,4
983,41,5
984,35,0
985,44,7
986,38,4
987,47,10
988,48,4
989,42,5
990,39,2
991,40,3
992,48,10
993,49,12
994,42,5
995,43,5
996,45,3
997,44,6
998,47,4
999,50,6
1000,41,3
