NUM,ATBAT,SCORE
1,44,12
2,40,3
3,35,0
4,35,4
5,41,4
6,43,8
7,44,10
8,39,5
9,37,2
10,37,2
11,34,2
12,46,8
13,43,12
14,41,4
15,43,10
16,42,1
17,35,4
18,43,5
19,37,6
20,39,4
21,38,3
22,53,10
23,45,8
24,54,20
25,44,10
26,38,2
27,49,13
28,47,10
29,60,20
30,47,11
31,34,2
32,42,8
33,37,5
34,36,4
35,50,12
36,43,6
37,43,9
38,46,10
39,44,8
40,53,13
41,41,7
42,56,13
43,40,6
44,46,11
45,47,13
46,45,6
47,41,4
48,42,4
49,37,3
50,42,3
51,40,8
52,35,2
53,40,3
54,41,5
55,41,4
56,34,1
57,50,13
58,43,4
59,49,14
60,40,6
61,38,5
62,40,7
63,46,9
64,44,9
65,35,2
66,46,9
67,39,6
68,45,7
69,38,2
70,51,13
71,42,5
72,44,7
73,47,14
74,46,11
75,47,11
76,42,8
77,51,10
78,44,5
79,53,17
80,42,5
81,39,6
82,43,2
83,49,9
84,40,6
85,46,11
86,47,9
87,45,10
88,43,4
89,43,10
90,42,2
91,38,4
92,46,9
93,43,1
94,41,5
95,44,9
96,42,7
97,62,21
98,44,7
99,46,8
100,36,2
101,39,5
102,45,13
103,47,8
104,38,3
105,51,10
106,40,9
107,42,6
108,44,7
109,43,8
110,47,9
111,48,10
112,39,5
113,55,16
114,46,12
115,41,5
116,44,11
117,48,7
118,42,4
119,48,6
120,44,10
121,42,3
122,51,15
123,36,2
124,47,8
125,42,4
126,47,7
127,42,4
128,41,2
129,40,6
130,39,5
131,46,9
132,51,15
133,39,3
134,46,8
135,39,7
136,53,12
137,41,4
138,37,4
139,41,6
140,44,5
141,45,10
142,41,3
143,36,1
144,45,12
145,45,9
146,46,5
147,46,8
148,41,7
149,39,4
150,38,5
151,41,10
152,42,4
153,56,15
154,44,4
155,52,12
156,39,6
157,38,1
158,46,8
159,46,10
160,41,7
161,46,6
162,48,11
163,52,8
164,36,2
165,40,6
166,50,9
167,44,8
168,42,6
169,36,4
170,40,3
171,41,6
172,48,6
173,45,7
174,42,5
175,42,5
176,41,5
177,52,11
178,45,10
179,54,15
180,37,1
181,50,9
182,42,5
183,56,17
184,43,7
185,47,14
186,40,2
187,44,7
188,42,7
189,54,12
190,46,5
191,57,13
192,47,10
193,38,0
194,46,12
195,57,22
196,43,10
197,42,4
198,41,7
199,48,5
200,50,11
201,46,12
202,39,6
203,37,7
204,51,12
205,39,3
206,46,15
207,44,4
208,57,16
209,40,5
210,36,2
211,47,10
212,39,3
213,50,18
214,40,7
215,38,5
216,43,5
217,39,2
218,44,6
219,52,18
220,59,20
221,42,9
222,42,8
223,37,1
224,45,4
225,43,2
226,42,9
227,40,6
228,40,6
229,42,3
230,44,11
231,36,1
232,43,7
233,48,14
234,47,12
235,35,2
236,36,5
237,34,3
238,42,6
239,45,7
240,41,4
241,60,17
242,44,10
243,37,6
244,46,9
245,36,5
246,34,1
247,55,14
248,46,10
249,41,5
250,52,13
251,41,10
252,46,12
253,42,9
254,43,6
255,46,12
256,42,6
257,50,13
258,43,6
259,48,6
260,36,0
261,51,12
262,49,11
263,38,2
264,35,2
265,49,12
266,43,9
267,46,9
268,53,18
269,45,12
270,40,4
271,37,3
272,43,7
273,49,13
274,41,4
275,50,14
276,47,13
277,37,3
278,44,9
279,44,7
280,38,6
281,40,6
282,45,7
283,58,17
284,40,5
285,41,7
286,49,14
287,43,4
288,36,0
289,47,9
290,41,10
291,49,10
292,40,3
293,44,8
294,40,3
295,36,2
296,38,3
297,47,6
298,42,8
299,43,6
300,50,11
301,47,12
302,31,1
303,48,4
304,40,3
305,39,4
306,34,1
307,38,4
308,39,8
309,40,7
310,50,13
311,39,4
312,49,11
313,40,6
314,45,6
315,46,6
316,46,10
317,53,14
318,42,8
319,40,3
320,37,6
321,34,2
322,43,5
323,45,6
324,42,4
325,37,2
326,42,7
327,52,13
328,36,0
329,47,11
330,45,4
331,48,12
332,51,14
333,44,5
334,49,8
335,42,3
336,42,7
337,53,14
338,42,3
339,52,15
340,40,6
341,36,3
342,39,3
343,49,14
344,40,6
345,38,3
346,43,10
347,56,21
348,40,5
349,42,4
350,43,5
351,44,8
352,42,7
353,41,4
354,39,8
355,46,8
356,34,0
357,35,1
358,47,9
359,48,10
360,37,4
361,45,9
362,49,11
363,50,14
364,44,9
365,38,4
366,41,8
367,42,5
368,40,4
369,36,3
370,39,5
371,45,5
372,41,4
373,38,4
374,47,9
375,43,4
376,35,4
377,44,8
378,43,5
379,39,3
380,52,11
381,45,8
382,45,7
383,51,12
384,44,4
385,44,8
386,42,4
387,44,7
388,38,4
389,49,8
390,36,0
391,47,11
392,43,9
393,38,4
394,45,6
395,48,12
396,45,9
397,38,3
398,30,0
399,44,8
400,43,4
401,44,8
402,47,9
403,45,3
404,34,2
405,44,6
406,51,13
407,45,9
408,43,7
409,47,11
410,44,7
411,46,8
412,44,11
413,40,8
414,49,12
415,52,13
416,53,10
417,39,5
418,43,8
419,47,8
420,51,12
421,37,2
422,37,4
423,41,6
424,35,1
425,39,3
426,42,5
427,42,5
428,42,7
429,44,5
430,52,18
431,38,1
432,39,3
433,42,8
434,49,11
435,37,4
436,43,9
437,39,4
438,38,7
439,42,6
440,48,14
441,37,3
442,45,7
443,42,9
444,40,6
445,40,1
446,43,11
447,50,10
448,49,15
449,32,2
450,38,5
451,40,5
452,38,0
453,55,18
454,42,7
455,43,5
456,45,9
457,37,3
458,48,8
459,46,9
460,45,9
461,43,9
462,36,2
463,46,3
464,48,11
465,45,5
466,42,8
467,46,11
468,40,6
469,40,3
470,45,4
471,40,6
472,37,5
473,37,3
474,44,8
475,50,17
476,42,4
477,38,5
478,41,4
479,38,4
480,40,3
481,42,3
482,41,9
483,38,4
484,48,10
485,43,9
486,46,11
487,42,8
488,40,5
489,40,3
490,37,6
491,41,7
492,49,9
493,42,4
494,60,20
495,50,14
496,51,14
497,50,13
498,37,3
499,41,4
500,51,13
501,54,22
502,38,5
503,39,3
504,44,10
505,44,5
506,43,3
507,45,8
508,41,4
509,38,5
510,39,6
511,39,5
512,37,6
513,42,6
514,35,3
515,42,8
516,40,7
517,43,8
518,41,10
519,42,5
520,52,14
521,42,5
522,39,1
523,44,4
524,50,14
525,38,3
526,47,5
527,42,7
528,42,6
529,39,2
530,42,7
531,39,5
532,39,4
533,40,8
534,43,10
535,44,11
536,43,4
537,39,4
538,37,5
539,43,9
540,45,7
541,44,11
542,36,3
543,37,2
544,41,6
545,48,12
546,43,8
547,47,6
548,46,13
549,42,7
550,50,17
551,51,12
552,43,9
553,47,9
554,43,5
555,39,3
556,42,7
557,45,9
558,39,4
559,45,10
560,53,13
561,48,10
562,42,8
563,44,5
564,43,5
565,40,5
566,41,4
567,37,1
568,39,3
569,45,5
570,49,9
571,44,9
572,50,11
573,44,11
574,43,8
575,39,2
576,37,2
577,43,5
578,42,7
579,38,3
580,37,4
581,40,3
582,42,7
583,43,9
584,39,5
585,42,4
586,46,7
587,37,1
588,58,17
589,46,6
590,46,8
591,48,10
592,40,4
593,37,2
594,42,8
595,42,5
596,54,13
597,40,4
598,40,6
599,40,3
600,45,9
601,55,15
602,44,8
603,42,10
604,32,2
605,44,6
606,38,4
607,46,11
608,42,2
609,33,1
610,41,5
611,44,7
612,44,5
613,48,12
614,42,7
615,43,9
616,43,7
617,50,14
618,41,7
619,56,15
620,40,2
621,43,6
622,49,9
623,50,15
624,36,2
625,45,7
626,44,4
627,41,7
628,37,0
629,36,1
630,45,11
631,38,4
632,46,10
633,42,8
634,39,6
635,47,10
636,51,12
637,40,7
638,38,6
639,62,24
640,35,2
641,35,1
642,45,9
643,48,12
644,40,5
645,37,1
646,38,3
647,50,13
648,43,7
649,39,4
650,37,5
651,36,3
652,45,7
653,42,8
654,47,7
655,38,4
656,45,6
657,39,7
658,45,8
659,45,9
660,36,1
661,42,6
662,48,6
663,47,8
664,50,8
665,46,9
666,40,6
667,35,0
668,42,6
669,37,2
670,42,3
671,46,10
672,42,4
673,39,3
674,37,3
675,42,11
676,42,5
677,45,11
678,36,2
679,42,5
680,47,8
681,49,11
682,43,8
683,55,20
684,46,8
685,34,3
686,40,7
687,47,9
688,38,5
689,45,9
690,38,4
691,41,7
692,46,9
693,41,6
694,34,0
695,49,12
696,51,13
697,46,9
698,44,9
699,44,9
700,42,5
701,42,3
702,54,19
703,47,11
704,50,10
705,37,4
706,46,6
707,38,4
708,43,9
709,39,9
710,42,2
711,45,11
712,45,9
713,52,7
714,45,12
715,53,14
716,39,5
717,37,7
718,42,6
719,34,1
720,43,1
721,56,16
722,40,5
723,47,12
724,43,7
725,43,5
726,36,3
727,42,5
728,36,0
729,31,0
730,53,18
731,44,8
732,41,5
733,45,11
734,37,2
735,42,9
736,51,15
737,36,2
738,45,7
739,38,4
740,39,6
741,47,9
742,57,16
743,40,3
744,46,7
745,38,1
746,41,3
747,48,10
748,41,1
749,40,7
750,45,11
751,40,5
752,39,4
753,41,2
754,38,3
755,45,11
756,43,7
757,39,6
758,35,0
759,41,5
760,38,6
761,47,10
762,44,6
763,38,2
764,36,4
765,50,6
766,45,8
767,46,10
768,41,6
769,44,8
770,40,7
771,45,8
772,41,10
773,45,10
774,51,9
775,57,16
776,40,2
777,50,11
778,46,9
779,44,8
780,48,9
781,37,5
782,41,5
783,43,11
784,48,12
785,43,7
786,44,10
787,42,8
788,33,1
789,42,7
790,47,10
791,42,4
792,36,4
793,41,5
794,43,5
795,49,8
796,41,4
797,41,4
798,48,11
799,38,3
800,46,6
801,49,11
802,41,7
803,46,10
804,51,9
805,48,14
806,44,7
807,39,2
808,42,1
809,45,11
810,41,7
811,41,5
812,38,3
813,50,12
814,39,7
815,48,13
816,43,6
817,35,3
818,41,4
819,46,9
820,42,7
821,34,2
822,44,8
823,51,15
824,46,12
825,48,7
826,49,12
827,50,10
828,37,4
829,41,4
830,44,6
831,47,8
832,52,9
833,42,5
834,48,13
835,58,19
836,36,3
837,38,5
838,42,9
839,50,12
840,39,4
841,53,13
842,42,7
843,41,6
844,41,9
845,46,6
846,51,16
847,39,5
848,42,7
849,40,3
850,48,10
851,41,8
852,40,8
853,47,7
854,48,12
855,52,13
856,46,9
857,34,3
858,38,1
859,34,1
860,40,6
861,42,6
862,39,6
863,47,11
864,41,5
865,45,7
866,46,9
867,47,6
868,46,8
869,41,5
870,35,4
871,45,8
872,48,8
873,40,4
874,41,7
875,40,9
876,46,4
877,41,6
878,46,5
879,40,9
880,44,9
881,43,7
882,43,6
883,43,2
884,40,4
885,36,3
886,48,10
887,46,9
888,43,8
889,41,3
890,43,5
891,44,6
892,42,8
893,42,8
894,44,7
895,38,5
896,46,7
897,40,8
898,40,7
899,40,6
900,45,13
901,37,1
902,45,9
903,32,2
904,37,2
905,46,3
906,46,7
907,52,17
908,35,1
909,41,4
910,48,14
911,53,14
912,43,6
913,31,0
914,39,8
915,46,7
916,46,8
917,34,1
918,38,2
919,48,10
920,42,6
921,46,11
922,38,3
923,36,5
924,45,11
925,51,12
926,42,14
927,44,6
928,40,3
929,37,2
930,45,8
931,35,2
932,39,1
933,49,9
934,50,16
935,38,5
936,50,12
937,34,0
938,37,0
939,52,10
940,47,13
941,40,6
942,47,10
943,46,7
944,45,12
945,41,5
946,45,7
947,48,7
948,37,5
949,58,16
950,42,5
951,53,18
952,44,10
953,44,9
954,41,7
955,36,2
956,40,3
957,42,7
958,43,10
959,43,6
960,49,9
961,45,9
962,47,3
963,47,12
964,39,2
965,40,2
966,55,19
967,42,7
968,45,10
969,42,1
970,47,7
971,44,12
972,42,7
973,50,12
974,44,8
975,44,5
976,41,6
977,45,6
978,52,12
979,45,8
980,38,6
981,50,11
982,49,9
983,41,5
984,44,9
985,45,6
986,48,11
987,48,10
988,51,9
989,52,18
990,38,5
991,47,10
992,47,5
993,43,5
994,41,3
995,39,2
996,43,7
997,40,5
998,44,6
999,47,4
1000,44,10
