NUM,ATBAT,SCORE
1,36,0
2,39,2
3,40,4
4,39,0
5,42,7
6,40,7
7,43,6
8,37,3
9,46,6
10,48,10
11,44,5
12,46,7
13,41,4
14,48,11
15,54,11
16,42,1
17,52,9
18,41,4
19,46,6
20,42,7
21,39,4
22,45,10
23,46,5
24,54,16
25,45,7
26,41,1
27,52,9
28,54,16
29,45,5
30,51,14
31,46,9
32,42,3
33,42,6
34,51,12
35,55,12
36,57,18
37,44,4
38,50,16
39,50,13
40,50,12
41,45,10
42,48,6
43,47,4
44,40,8
45,34,0
46,44,8
47,51,11
48,41,4
49,42,4
50,34,3
51,42,6
52,51,14
53,41,3
54,40,3
55,45,7
56,41,8
57,34,1
58,39,3
59,48,6
60,41,7
61,46,8
62,46,6
63,40,3
64,46,7
65,54,12
66,53,9
67,42,5
68,40,4
69,37,0
70,55,14
71,45,6
72,48,9
73,48,8
74,51,11
75,37,1
76,36,3
77,38,2
78,40,7
79,50,13
80,45,8
81,37,2
82,49,9
83,43,9
84,36,1
85,49,12
86,35,2
87,43,7
88,44,12
89,47,12
90,49,11
91,46,10
92,55,13
93,38,1
94,39,1
95,50,15
96,46,7
97,41,6
98,46,5
99,39,3
100,51,10
101,45,5
102,39,6
103,44,8
104,42,4
105,55,12
106,45,8
107,36,4
108,50,7
109,37,4
110,39,4
111,36,6
112,40,3
113,34,0
114,48,8
115,51,13
116,50,9
117,45,8
118,47,10
119,41,3
120,33,0
121,47,4
122,49,9
123,41,5
124,48,13
125,44,8
126,53,14
127,43,2
128,39,5
129,47,8
130,42,3
131,46,7
132,51,9
133,45,4
134,49,11
135,47,8
136,46,7
137,50,10
138,49,7
139,43,0
140,48,15
141,45,8
142,40,3
143,51,11
144,49,14
145,49,7
146,47,5
147,46,6
148,54,12
149,44,7
150,50,9
151,45,10
152,38,4
153,38,3
154,47,10
155,50,11
156,51,11
157,56,14
158,49,16
159,52,15
160,49,10
161,43,5
162,49,6
163,53,18
164,42,6
165,36,3
166,41,3
167,42,6
168,53,12
169,49,12
170,44,8
171,46,11
172,32,1
173,48,9
174,39,7
175,50,9
176,32,1
177,49,8
178,51,13
179,49,11
180,34,1
181,46,7
182,43,4
183,43,5
184,47,7
185,48,12
186,42,7
187,41,5
188,54,10
189,42,4
190,57,15
191,61,20
192,50,14
193,38,2
194,49,13
195,37,0
196,38,4
197,56,21
198,52,14
199,44,6
200,36,3
201,51,14
202,50,15
203,39,2
204,48,9
205,51,7
206,52,12
207,50,13
208,37,5
209,42,8
210,40,5
211,44,9
212,38,6
213,39,4
214,43,3
215,55,16
216,50,10
217,47,7
218,44,4
219,43,2
220,53,19
221,62,19
222,39,0
223,47,11
224,48,9
225,45,4
226,54,20
227,37,2
228,60,23
229,44,4
230,58,18
231,60,19
232,38,1
233,38,4
234,43,6
235,48,7
236,44,4
237,41,5
238,57,16
239,52,16
240,39,3
241,41,4
242,45,4
243,44,5
244,45,8
245,47,8
246,55,14
247,44,6
248,46,8
249,42,8
250,43,9
251,50,10
252,50,13
253,42,8
254,51,10
255,37,3
256,46,9
257,42,4
258,54,19
259,48,8
260,49,10
261,43,6
262,45,4
263,50,7
264,34,2
265,53,15
266,51,12
267,53,14
268,47,6
269,42,8
270,45,13
271,46,7
272,42,6
273,42,3
274,46,12
275,38,4
276,40,6
277,44,7
278,44,7
279,48,6
280,44,4
281,42,1
282,38,4
283,51,7
284,47,5
285,38,6
286,39,2
287,35,2
288,44,10
289,39,5
290,36,5
291,38,4
292,48,6
293,44,9
294,44,3
295,44,10
296,46,7
297,49,7
298,54,15
299,45,5
300,43,5
301,40,6
302,57,16
303,47,7
304,43,7
305,39,3
306,51,8
307,37,4
308,42,3
309,49,7
310,39,2
311,36,0
312,52,11
313,38,4
314,46,6
315,39,2
316,44,5
317,43,7
318,37,3
319,47,11
320,40,3
321,45,5
322,45,7
323,42,4
324,46,10
325,41,1
326,41,7
327,47,9
328,42,3
329,38,5
330,40,1
331,41,8
332,46,8
333,42,4
334,55,16
335,47,11
336,36,1
337,47,5
338,40,5
339,43,3
340,42,3
341,51,15
342,36,0
343,42,5
344,37,2
345,48,12
346,33,0
347,46,8
348,49,14
349,45,5
350,46,6
351,44,7
352,42,5
353,51,8
354,40,4
355,35,1
356,39,2
357,40,5
358,52,12
359,48,12
360,43,3
361,45,6
362,40,3
363,48,8
364,34,2
365,49,10
366,44,2
367,35,3
368,38,1
369,43,7
370,35,0
371,37,1
372,43,5
373,41,10
374,43,8
375,42,6
376,48,11
377,36,4
378,50,11
379,46,8
380,49,9
381,51,15
382,41,6
383,54,11
384,49,15
385,39,3
386,47,7
387,39,6
388,50,10
389,36,3
390,56,14
391,54,13
392,44,9
393,46,7
394,39,5
395,45,6
396,40,5
397,48,9
398,41,3
399,47,14
400,42,7
401,52,13
402,41,3
403,41,4
404,34,0
405,49,12
406,47,3
407,38,3
408,43,8
409,51,11
410,42,6
411,55,14
412,43,3
413,51,11
414,39,1
415,41,6
416,41,6
417,45,3
418,47,9
419,42,9
420,38,5
421,43,2
422,47,6
423,34,2
424,42,5
425,48,9
426,52,13
427,47,13
428,46,9
429,36,2
430,42,5
431,42,9
432,37,2
433,48,9
434,50,7
435,49,8
436,53,13
437,51,7
438,43,4
439,66,23
440,42,5
441,43,6
442,34,3
443,49,10
444,48,5
445,40,8
446,42,9
447,48,5
448,47,11
449,41,8
450,44,4
451,37,2
452,46,10
453,41,2
454,41,2
455,44,9
456,44,6
457,40,5
458,40,2
459,52,11
460,37,1
461,44,9
462,38,3
463,46,14
464,59,22
465,40,4
466,38,3
467,38,2
468,43,5
469,50,11
470,41,5
471,50,11
472,41,2
473,46,7
474,43,6
475,42,5
476,34,2
477,41,6
478,54,11
479,41,4
480,47,11
481,42,7
482,40,4
483,56,19
484,49,8
485,54,16
486,63,18
487,39,3
488,45,9
489,47,11
490,43,6
491,45,7
492,45,5
493,43,7
494,59,23
495,47,9
496,56,17
497,38,6
498,39,5
499,43,8
500,37,1
501,50,8
502,46,6
503,35,4
504,35,2
505,45,5
506,46,11
507,45,8
508,43,6
509,50,12
510,57,19
511,46,10
512,46,7
513,49,13
514,44,7
515,42,5
516,53,14
517,54,16
518,49,8
519,39,2
520,42,6
521,46,5
522,46,6
523,37,1
524,36,2
525,35,2
526,47,10
527,51,11
528,49,11
529,44,8
530,42,4
531,41,7
532,44,7
533,42,5
534,43,7
535,40,6
536,43,8
537,46,7
538,49,8
539,45,13
540,49,13
541,40,5
542,39,5
543,38,3
544,41,6
545,46,8
546,49,11
547,40,2
548,44,9
549,51,12
550,44,6
551,48,8
552,35,1
553,36,1
554,48,12
555,52,15
556,42,8
557,41,3
558,45,7
559,50,16
560,43,11
561,38,5
562,55,16
563,37,4
564,48,11
565,43,4
566,55,13
567,36,2
568,40,4
569,42,3
570,53,9
571,42,3
572,45,10
573,44,9
574,47,9
575,46,9
576,39,4
577,44,5
578,37,5
579,36,0
580,36,1
581,50,9
582,42,6
583,42,3
584,44,5
585,44,5
586,50,9
587,42,6
588,34,1
589,41,3
590,44,9
591,43,7
592,49,13
593,36,1
594,39,4
595,37,4
596,45,8
597,39,5
598,46,10
599,42,4
600,47,11
601,43,6
602,46,3
603,47,9
604,47,9
605,49,12
606,58,16
607,51,16
608,38,3
609,37,4
610,45,12
611,46,10
612,50,9
613,39,3
614,46,9
615,48,13
616,38,6
617,45,5
618,44,6
619,46,9
620,40,5
621,47,10
622,45,6
623,51,7
624,46,9
625,46,11
626,39,5
627,39,4
628,47,6
629,47,8
630,43,4
631,49,7
632,39,4
633,49,10
634,42,12
635,43,5
636,46,11
637,39,2
638,36,0
639,54,16
640,51,13
641,41,8
642,40,5
643,50,13
644,48,10
645,39,3
646,34,2
647,40,2
648,42,8
649,38,4
650,43,10
651,45,8
652,44,5
653,44,2
654,37,4
655,37,5
656,46,11
657,33,2
658,46,14
659,44,4
660,43,6
661,36,3
662,44,1
663,42,5
664,45,9
665,46,9
666,46,8
667,50,15
668,41,5
669,46,10
670,41,3
671,35,5
672,57,16
673,47,9
674,46,6
675,49,11
676,45,9
677,38,1
678,41,4
679,39,5
680,50,13
681,44,9
682,38,1
683,42,7
684,45,8
685,45,8
686,44,4
687,44,8
688,35,0
689,39,7
690,44,9
691,45,9
692,38,3
693,45,9
694,38,3
695,47,9
696,40,7
697,37,1
698,41,5
699,45,6
700,43,9
701,46,8
702,39,2
703,55,15
704,42,4
705,53,13
706,44,2
707,45,7
708,49,6
709,52,16
710,49,14
711,46,6
712,49,12
713,37,2
714,52,16
715,44,7
716,39,3
717,45,7
718,50,13
719,35,1
720,44,5
721,45,6
722,44,4
723,44,7
724,40,8
725,44,7
726,40,5
727,48,7
728,44,6
729,45,12
730,42,6
731,47,8
732,46,5
733,43,7
734,41,3
735,39,4
736,42,2
737,42,7
738,47,6
739,38,2
740,50,16
741,46,10
742,47,9
743,41,4
744,41,6
745,47,9
746,49,9
747,43,6
748,42,2
749,45,9
750,42,8
751,47,9
752,36,2
753,43,8
754,43,4
755,55,17
756,50,11
757,48,15
758,39,4
759,37,2
760,39,10
761,41,4
762,38,4
763,37,3
764,43,6
765,47,9
766,57,19
767,48,11
768,57,22
769,51,13
770,46,5
771,47,7
772,39,3
773,46,6
774,41,6
775,51,16
776,40,5
777,45,10
778,44,3
779,53,11
780,60,19
781,39,3
782,43,7
783,49,9
784,44,9
785,45,8
786,40,5
787,38,7
788,41,6
789,36,2
790,43,10
791,45,7
792,46,5
793,35,0
794,42,2
795,61,20
796,51,12
797,42,8
798,47,10
799,42,9
800,54,13
801,52,10
802,46,10
803,44,8
804,49,8
805,43,4
806,41,7
807,45,3
808,47,10
809,38,1
810,49,10
811,45,6
812,45,7
813,51,7
814,41,6
815,53,15
816,38,5
817,36,2
818,39,7
819,36,2
820,40,4
821,41,5
822,49,11
823,53,15
824,38,5
825,47,7
826,43,10
827,45,7
828,34,1
829,35,0
830,44,5
831,49,8
832,41,3
833,50,11
834,44,12
835,45,6
836,44,8
837,44,3
838,52,12
839,54,18
840,48,13
841,41,4
842,36,2
843,44,5
844,46,5
845,43,3
846,40,5
847,54,12
848,43,10
849,41,6
850,42,1
851,40,5
852,49,8
853,41,2
854,41,2
855,32,1
856,50,11
857,41,8
858,41,6
859,40,5
860,46,8
861,51,10
862,42,5
863,48,12
864,41,7
865,55,8
866,46,9
867,38,2
868,46,5
869,36,3
870,42,4
871,39,7
872,56,18
873,51,13
874,41,4
875,45,8
876,35,2
877,44,6
878,44,7
879,41,2
880,43,7
881,34,3
882,40,3
883,44,7
884,44,6
885,41,7
886,49,11
887,55,10
888,36,3
889,41,4
890,43,8
891,45,7
892,51,10
893,51,8
894,48,11
895,42,6
896,44,6
897,52,12
898,40,3
899,41,10
900,47,8
901,48,14
902,46,6
903,49,10
904,49,9
905,45,9
906,35,1
907,51,10
908,43,5
909,52,10
910,42,7
911,43,6
912,41,3
913,42,4
914,37,3
915,44,8
916,53,17
917,43,5
918,41,7
919,39,2
920,55,16
921,41,10
922,38,3
923,44,10
924,39,5
925,55,19
926,43,6
927,50,9
928,41,7
929,47,12
930,51,10
931,43,3
932,42,7
933,46,8
934,43,9
935,44,9
936,46,7
937,49,12
938,39,4
939,48,11
940,58,22
941,47,8
942,43,6
943,51,12
944,46,5
945,45,12
946,34,2
947,37,5
948,42,2
949,44,7
950,42,7
951,48,6
952,61,21
953,35,3
954,45,8
955,39,3
956,49,10
957,46,7
958,49,12
959,48,9
960,40,8
961,45,8
962,44,7
963,38,3
964,53,18
965,37,5
966,42,6
967,39,3
968,45,13
969,40,2
970,51,12
971,41,3
972,44,4
973,50,8
974,50,8
975,48,6
976,50,8
977,44,8
978,43,4
979,37,3
980,47,8
981,45,4
982,44,8
983,44,3
984,49,11
985,51,11
986,40,6
987,47,9
988,41,10
989,45,5
990,38,1
991,48,9
992,43,6
993,39,2
994,55,12
995,40,3
996,38,4
997,43,4
998,42,6
999,47,8
1000,56,19
