NUM,ATBAT,SCORE
1,53,9
2,48,10
3,44,5
4,49,9
5,51,10
6,51,11
7,46,9
8,52,10
9,51,15
10,55,9
11,46,6
12,42,3
13,50,9
14,41,5
15,39,2
16,47,5
17,36,0
18,43,3
19,48,9
20,52,8
21,49,8
22,48,6
23,41,5
24,42,5
25,42,0
26,53,12
27,58,13
28,38,1
29,51,10
30,49,7
31,48,8
32,43,3
33,46,12
34,43,3
35,37,2
36,55,14
37,45,7
38,53,13
39,35,1
40,44,7
41,48,7
42,40,5
43,48,7
44,57,14
45,37,0
46,48,7
47,40,3
48,36,1
49,42,6
50,44,2
51,43,2
52,49,10
53,39,2
54,51,9
55,46,5
56,53,12
57,40,1
58,42,2
59,45,4
60,43,4
61,41,5
62,36,0
63,39,1
64,51,7
65,38,2
66,43,7
67,49,7
68,50,8
69,56,12
70,43,2
71,49,4
72,49,5
73,43,1
74,42,3
75,40,2
76,48,8
77,49,5
78,41,4
79,43,6
80,44,6
81,43,5
82,36,0
83,43,2
84,35,0
85,54,14
86,38,3
87,43,3
88,42,6
89,43,7
90,54,12
91,38,2
92,43,4
93,39,5
94,56,12
95,39,3
96,56,16
97,52,14
98,45,7
99,44,6
100,42,3
101,37,1
102,45,4
103,51,6
104,46,8
105,44,5
106,51,5
107,46,6
108,46,6
109,42,4
110,45,2
111,45,4
112,62,19
113,41,5
114,42,5
115,51,8
116,54,10
117,44,4
118,43,4
119,52,8
120,45,1
121,50,9
122,59,16
123,48,7
124,54,7
125,47,8
126,47,5
127,38,2
128,44,5
129,43,2
130,40,3
131,46,5
132,50,8
133,46,7
134,51,12
135,41,2
136,36,2
137,53,14
138,59,16
139,45,9
140,61,21
141,41,2
142,44,7
143,46,7
144,45,3
145,48,5
146,53,13
147,39,1
148,52,10
149,47,6
150,52,13
151,55,9
152,46,8
153,40,2
154,48,8
155,52,10
156,39,1
157,44,5
158,62,14
159,41,5
160,48,7
161,52,10
162,46,4
163,59,13
164,44,4
165,46,6
166,50,9
167,58,17
168,55,13
169,42,1
170,42,6
171,34,0
172,39,2
173,44,7
174,47,7
175,40,3
176,43,5
177,46,10
178,50,10
179,43,6
180,55,13
181,47,7
182,45,8
183,40,3
184,47,6
185,57,17
186,51,10
187,46,5
188,53,11
189,39,1
190,50,6
191,39,2
192,45,9
193,44,3
194,48,7
195,44,4
196,47,4
197,40,0
198,49,8
199,49,11
200,43,4
201,46,7
202,45,6
203,40,2
204,60,15
205,44,3
206,45,5
207,44,4
208,38,1
209,54,13
210,47,7
211,44,5
212,54,16
213,50,13
214,39,2
215,47,9
216,37,1
217,46,5
218,54,14
219,41,4
220,41,4
221,53,13
222,35,0
223,46,4
224,42,4
225,43,8
226,43,5
227,47,8
228,42,2
229,38,2
230,50,7
231,50,10
232,47,8
233,49,6
234,38,2
235,44,7
236,49,5
237,49,9
238,44,4
239,38,1
240,43,4
241,42,6
242,63,21
243,45,7
244,53,10
245,48,8
246,41,4
247,54,13
248,42,3
249,39,1
250,36,1
251,47,6
252,43,5
253,55,12
254,46,6
255,56,12
256,47,7
257,50,9
258,47,6
259,50,6
260,41,2
261,43,7
262,39,3
263,51,9
264,48,8
265,43,3
266,50,6
267,51,12
268,48,7
269,41,4
270,41,1
271,42,5
272,43,6
273,45,5
274,57,15
275,49,8
276,55,13
277,41,2
278,49,7
279,45,4
280,60,13
281,51,10
282,54,14
283,52,7
284,40,3
285,45,5
286,47,9
287,47,6
288,41,3
289,46,4
290,47,7
291,52,15
292,35,2
293,35,2
294,38,2
295,45,4
296,40,3
297,52,10
298,48,6
299,39,2
300,54,13
301,38,2
302,48,7
303,59,15
304,48,10
305,48,11
306,42,4
307,57,17
308,42,1
309,54,15
310,46,6
311,49,8
312,58,14
313,55,17
314,51,8
315,60,19
316,42,3
317,38,3
318,45,4
319,53,14
320,41,5
321,44,5
322,46,10
323,46,7
324,46,9
325,45,5
326,44,4
327,41,3
328,41,3
329,44,6
330,42,6
331,50,11
332,46,4
333,46,3
334,47,8
335,47,5
336,50,7
337,56,13
338,41,7
339,45,4
340,39,2
341,50,11
342,43,3
343,57,15
344,42,3
345,46,5
346,41,3
347,40,0
348,58,14
349,48,7
350,38,1
351,55,13
352,43,3
353,50,6
354,53,11
355,37,1
356,54,14
357,48,9
358,42,2
359,46,6
360,45,2
361,49,5
362,41,3
363,38,2
364,45,10
365,47,9
366,49,10
367,45,5
368,49,10
369,53,7
370,54,10
371,41,3
372,39,4
373,49,8
374,42,2
375,45,1
376,34,0
377,48,5
378,46,5
379,41,4
380,39,3
381,48,8
382,47,8
383,48,7
384,46,7
385,42,6
386,45,7
387,39,1
388,38,4
389,47,6
390,45,8
391,48,10
392,40,0
393,41,4
394,50,7
395,46,6
396,46,11
397,39,6
398,48,9
399,45,9
400,38,0
401,47,11
402,41,4
403,49,6
404,68,21
405,43,5
406,46,9
407,48,5
408,39,1
409,45,5
410,52,11
411,42,2
412,54,12
413,44,6
414,53,11
415,44,5
416,44,3
417,53,13
418,38,2
419,48,9
420,41,2
421,48,5
422,47,4
423,50,6
424,38,1
425,43,2
426,40,2
427,52,15
428,43,7
429,43,4
430,37,0
431,39,2
432,46,9
433,47,6
434,39,2
435,39,4
436,59,17
437,39,3
438,52,10
439,44,8
440,49,8
441,51,12
442,51,13
443,35,2
444,51,9
445,41,2
446,41,4
447,49,8
448,47,8
449,43,6
450,46,7
451,49,8
452,48,8
453,47,9
454,45,8
455,42,8
456,44,5
457,45,5
458,41,5
459,43,1
460,46,9
461,56,10
462,60,18
463,49,5
464,52,11
465,42,5
466,46,4
467,40,3
468,45,10
469,42,6
470,40,2
471,46,6
472,59,17
473,52,10
474,51,11
475,46,6
476,51,12
477,40,1
478,45,4
479,46,6
480,46,3
481,44,4
482,37,2
483,40,0
484,53,9
485,44,3
486,45,10
487,50,4
488,34,0
489,52,9
490,38,3
491,47,3
492,46,5
493,42,4
494,35,2
495,45,3
496,47,6
497,46,5
498,50,6
499,49,7
500,44,1
501,37,0
502,42,7
503,40,3
504,43,4
505,46,8
506,46,5
507,46,6
508,45,3
509,47,5
510,46,5
511,39,4
512,50,10
513,46,2
514,61,19
515,39,0
516,38,4
517,44,5
518,53,11
519,44,5
520,57,17
521,51,9
522,42,4
523,53,12
524,37,2
525,45,5
526,39,0
527,43,6
528,53,7
529,44,5
530,53,10
531,47,7
532,44,5
533,49,10
534,48,7
535,44,6
536,44,5
537,53,10
538,46,7
539,46,7
540,51,11
541,47,8
542,47,8
543,42,3
544,41,2
545,44,7
546,53,14
547,41,7
548,45,4
549,48,8
550,41,0
551,50,8
552,35,2
553,45,3
554,38,0
555,42,2
556,50,9
557,47,8
558,51,10
559,48,12
560,45,7
561,44,9
562,43,2
563,41,2
564,49,12
565,44,9
566,36,2
567,52,11
568,44,6
569,38,2
570,45,6
571,36,1
572,47,6
573,48,7
574,39,3
575,49,8
576,46,6
577,42,9
578,56,15
579,49,7
580,42,2
581,42,3
582,53,13
583,44,5
584,53,8
585,54,11
586,53,11
587,50,12
588,41,3
589,42,2
590,45,7
591,47,7
592,40,4
593,40,4
594,48,8
595,47,7
596,51,5
597,51,9
598,49,10
599,52,10
600,42,4
601,49,8
602,33,0
603,48,6
604,51,13
605,45,3
606,51,9
607,44,6
608,46,7
609,48,9
610,40,1
611,33,0
612,49,4
613,52,9
614,44,4
615,58,15
616,45,6
617,48,9
618,43,2
619,47,5
620,51,10
621,39,2
622,46,4
623,52,10
624,48,7
625,56,14
626,45,6
627,56,14
628,40,2
629,49,12
630,51,10
631,49,10
632,47,7
633,46,4
634,52,10
635,51,8
636,54,11
637,39,2
638,57,14
639,51,12
640,47,6
641,44,3
642,37,1
643,45,6
644,44,4
645,44,5
646,37,4
647,52,13
648,55,14
649,42,5
650,51,9
651,39,6
652,45,6
653,41,3
654,43,5
655,43,1
656,41,1
657,47,10
658,49,6
659,46,6
660,49,7
661,52,15
662,51,9
663,49,3
664,54,14
665,51,9
666,41,3
667,37,3
668,59,13
669,44,2
670,45,7
671,49,9
672,39,2
673,46,5
674,50,7
675,48,7
676,45,9
677,49,12
678,45,8
679,57,15
680,49,9
681,46,6
682,48,8
683,46,2
684,51,11
685,42,2
686,43,3
687,43,7
688,44,9
689,42,0
690,50,9
691,49,7
692,40,3
693,44,5
694,45,4
695,45,4
696,49,6
697,51,13
698,42,4
699,47,7
700,44,1
701,38,3
702,41,4
703,41,5
704,44,4
705,43,7
706,49,5
707,47,5
708,40,2
709,49,15
710,39,1
711,59,13
712,44,2
713,47,5
714,54,10
715,46,7
716,41,5
717,38,2
718,43,4
719,49,9
720,52,8
721,40,1
722,36,2
723,54,10
724,47,7
725,46,8
726,41,2
727,49,8
728,49,5
729,46,6
730,51,9
731,60,18
732,41,5
733,53,12
734,59,21
735,44,5
736,44,4
737,49,11
738,44,6
739,43,4
740,58,13
741,46,9
742,41,4
743,51,8
744,46,7
745,62,22
746,46,6
747,36,2
748,45,5
749,51,12
750,50,7
751,55,9
752,44,3
753,53,11
754,36,5
755,38,4
756,50,10
757,36,0
758,44,5
759,48,8
760,37,2
761,45,7
762,44,4
763,48,8
764,45,6
765,42,6
766,54,13
767,44,4
768,50,11
769,37,3
770,41,5
771,48,6
772,49,7
773,41,4
774,37,1
775,57,13
776,47,5
777,45,7
778,55,16
779,41,4
780,53,10
781,45,7
782,50,10
783,56,14
784,50,7
785,45,3
786,45,8
787,47,3
788,51,13
789,52,10
790,52,7
791,37,1
792,50,8
793,45,8
794,42,0
795,45,6
796,37,0
797,35,3
798,46,8
799,43,4
800,43,4
801,49,6
802,47,5
803,48,8
804,48,6
805,40,5
806,54,9
807,47,9
808,58,12
809,42,3
810,46,8
811,49,11
812,51,12
813,47,5
814,48,9
815,46,6
816,48,8
817,52,18
818,58,11
819,57,14
820,39,3
821,50,7
822,47,9
823,43,4
824,43,6
825,44,4
826,40,0
827,51,9
828,42,9
829,53,15
830,46,7
831,45,5
832,41,5
833,47,3
834,43,5
835,46,5
836,44,5
837,46,6
838,55,18
839,43,4
840,47,6
841,40,3
842,57,10
843,50,8
844,43,2
845,59,19
846,49,4
847,53,10
848,49,7
849,51,11
850,35,1
851,55,12
852,43,5
853,39,1
854,38,4
855,38,4
856,46,3
857,47,7
858,43,6
859,49,6
860,45,3
861,41,3
862,46,6
863,42,4
864,46,6
865,38,4
866,49,10
867,50,6
868,50,10
869,44,2
870,36,0
871,48,9
872,42,2
873,41,2
874,38,2
875,47,6
876,36,0
877,45,2
878,34,1
879,52,8
880,50,7
881,47,5
882,49,6
883,41,2
884,43,4
885,46,6
886,46,4
887,38,3
888,44,5
889,52,13
890,42,1
891,43,6
892,51,9
893,41,4
894,45,4
895,51,8
896,37,1
897,40,3
898,44,5
899,47,6
900,51,9
901,54,12
902,45,4
903,50,5
904,52,10
905,47,6
906,43,1
907,39,2
908,37,3
909,48,12
910,47,5
911,39,1
912,53,12
913,34,0
914,47,4
915,53,7
916,41,2
917,46,4
918,43,7
919,41,4
920,54,11
921,45,6
922,51,10
923,44,6
924,39,0
925,41,3
926,44,6
927,46,4
928,41,4
929,47,6
930,45,8
931,41,4
932,59,13
933,43,6
934,51,8
935,51,10
936,55,8
937,50,8
938,49,11
939,39,2
940,56,12
941,38,0
942,53,11
943,44,4
944,51,8
945,44,4
946,54,12
947,45,6
948,49,9
949,56,15
950,45,6
951,48,9
952,48,6
953,49,6
954,45,8
955,39,5
956,45,9
957,49,9
958,49,6
959,51,9
960,50,12
961,50,7
962,41,4
963,47,4
964,46,9
965,49,6
966,45,7
967,42,4
968,42,4
969,46,3
970,47,5
971,44,3
972,47,7
973,44,5
974,51,8
975,41,3
976,48,11
977,45,4
978,63,18
979,50,7
980,48,10
981,44,5
982,41,3
983,38,4
984,50,9
985,39,3
986,49,8
987,37,3
988,58,13
989,51,12
990,41,5
991,50,10
992,59,20
993,48,6
994,48,8
995,52,8
996,47,7
997,46,4
998,46,6
999,48,8
1000,55,10
