NUM,ATBAT,SCORE
1,49,12
2,47,3
3,48,6
4,59,12
5,56,18
6,50,15
7,67,22
8,59,20
9,54,12
10,52,18
11,49,11
12,58,16
13,42,8
14,56,14
15,54,13
16,45,9
17,49,11
18,56,16
19,58,13
20,50,11
21,48,8
22,60,18
23,49,15
24,56,15
25,68,28
26,52,8
27,50,12
28,58,18
29,61,18
30,45,6
31,42,7
32,50,9
33,55,17
34,60,17
35,51,5
36,55,13
37,57,20
38,47,7
39,53,13
40,58,14
41,44,6
42,56,18
43,53,11
44,56,14
45,42,5
46,44,5
47,52,12
48,38,5
49,56,19
50,44,6
51,56,17
52,55,19
53,43,5
54,45,10
55,57,18
56,60,18
57,57,16
58,58,16
59,42,3
60,57,18
61,50,8
62,47,10
63,54,10
64,51,11
65,46,6
66,54,19
67,46,8
68,56,18
69,58,20
70,55,15
71,65,22
72,52,8
73,49,10
74,50,11
75,55,19
76,50,9
77,60,15
78,42,6
79,55,14
80,60,20
81,46,5
82,55,18
83,43,7
84,55,14
85,46,8
86,49,7
87,45,5
88,62,16
89,48,12
90,64,22
91,50,10
92,46,5
93,48,7
94,53,15
95,45,9
96,61,20
97,54,11
98,60,22
99,54,17
100,55,14
101,48,12
102,49,5
103,52,8
104,57,16
105,48,10
106,54,14
107,52,13
108,50,14
109,58,15
110,46,8
111,56,20
112,42,8
113,49,9
114,58,17
115,54,16
116,57,19
117,42,7
118,49,10
119,40,2
120,68,23
121,58,14
122,49,12
123,50,10
124,54,11
125,56,14
126,50,14
127,52,13
128,56,14
129,60,23
130,50,12
131,53,12
132,51,11
133,53,17
134,50,13
135,51,11
136,39,2
137,61,22
138,38,6
139,60,20
140,53,16
141,66,23
142,55,12
143,48,10
144,49,12
145,48,5
146,47,9
147,45,6
148,49,11
149,48,5
150,50,13
151,54,15
152,63,22
153,56,16
154,54,13
155,52,12
156,42,5
157,53,11
158,54,11
159,58,19
160,52,15
161,48,8
162,49,8
163,42,2
164,59,15
165,40,6
166,56,17
167,51,10
168,48,8
169,46,3
170,58,16
171,48,9
172,59,18
173,57,16
174,62,20
175,62,20
176,42,5
177,45,14
178,55,14
179,61,15
180,43,3
181,34,2
182,58,16
183,57,19
184,48,9
185,53,12
186,56,16
187,57,21
188,58,22
189,45,5
190,46,7
191,49,11
192,49,7
193,48,9
194,51,10
195,52,14
196,41,2
197,38,2
198,55,17
199,42,3
200,49,14
201,54,13
202,55,15
203,62,19
204,45,11
205,55,14
206,51,15
207,44,6
208,59,18
209,51,8
210,45,7
211,46,5
212,63,17
213,38,3
214,53,10
215,69,29
216,55,18
217,55,10
218,42,4
219,47,12
220,43,7
221,53,12
222,70,28
223,50,11
224,42,4
225,60,19
226,57,18
227,57,15
228,55,14
229,52,9
230,50,11
231,56,19
232,51,14
233,52,14
234,48,14
235,57,13
236,55,17
237,47,7
238,47,11
239,72,34
240,54,12
241,42,6
242,56,17
243,58,14
244,61,13
245,64,20
246,59,21
247,38,1
248,43,6
249,53,6
250,51,10
251,52,13
252,52,11
253,55,17
254,49,11
255,51,7
256,58,18
257,44,5
258,52,11
259,52,11
260,36,1
261,47,13
262,60,17
263,47,10
264,51,15
265,58,16
266,50,9
267,55,21
268,65,24
269,55,13
270,47,6
271,49,11
272,69,22
273,49,8
274,48,11
275,62,25
276,44,4
277,60,22
278,48,8
279,48,8
280,41,5
281,50,9
282,50,11
283,41,7
284,38,7
285,58,13
286,44,9
287,59,21
288,56,18
289,52,14
290,58,20
291,56,18
292,49,8
293,37,2
294,54,14
295,44,7
296,54,14
297,43,9
298,62,25
299,52,10
300,57,13
301,46,8
302,40,6
303,50,7
304,61,18
305,50,9
306,53,13
307,59,23
308,52,13
309,48,10
310,63,16
311,45,9
312,48,10
313,48,7
314,69,29
315,44,4
316,47,10
317,61,20
318,52,13
319,55,17
320,46,13
321,57,16
322,53,13
323,67,22
324,60,20
325,49,12
326,58,18
327,51,12
328,53,9
329,49,13
330,54,16
331,47,7
332,54,12
333,41,6
334,70,30
335,53,18
336,55,19
337,47,8
338,44,13
339,59,18
340,48,8
341,54,14
342,49,8
343,52,14
344,54,10
345,47,11
346,47,9
347,57,21
348,50,14
349,54,18
350,53,12
351,55,15
352,61,25
353,51,12
354,40,2
355,56,20
356,50,8
357,47,4
358,47,9
359,42,5
360,47,8
361,56,17
362,62,21
363,56,12
364,54,14
365,41,4
366,45,7
367,52,7
368,45,6
369,48,9
370,55,19
371,64,25
372,51,13
373,54,15
374,49,8
375,57,19
376,66,21
377,53,14
378,50,15
379,43,9
380,60,21
381,55,13
382,51,11
383,39,5
384,57,13
385,50,9
386,44,7
387,45,13
388,52,10
389,47,9
390,63,23
391,56,18
392,48,8
393,60,22
394,49,6
395,57,16
396,46,7
397,46,7
398,53,14
399,45,6
400,48,5
401,45,4
402,50,10
403,45,8
404,50,10
405,62,21
406,70,30
407,47,8
408,47,11
409,47,10
410,45,4
411,43,4
412,60,17
413,50,8
414,55,13
415,55,14
416,54,12
417,39,5
418,47,12
419,46,8
420,49,9
421,46,12
422,59,14
423,49,8
424,44,6
425,41,3
426,51,8
427,48,11
428,45,7
429,53,14
430,48,9
431,56,17
432,54,10
433,52,13
434,52,12
435,44,5
436,48,9
437,51,9
438,50,14
439,48,12
440,52,13
441,48,12
442,43,3
443,57,16
444,40,4
445,53,14
446,48,6
447,53,14
448,61,20
449,54,12
450,50,15
451,53,19
452,47,7
453,47,13
454,49,12
455,50,10
456,52,15
457,51,14
458,51,10
459,62,20
460,48,9
461,47,8
462,60,15
463,55,13
464,43,4
465,53,13
466,54,13
467,49,8
468,44,8
469,42,7
470,48,13
471,49,12
472,51,10
473,47,13
474,44,7
475,50,10
476,50,12
477,47,8
478,40,4
479,49,8
480,51,13
481,57,14
482,56,20
483,44,4
484,56,19
485,60,19
486,42,7
487,56,14
488,51,13
489,64,21
490,47,8
491,53,11
492,64,18
493,52,12
494,51,9
495,48,9
496,47,9
497,55,16
498,46,5
499,66,19
500,40,3
501,59,22
502,43,8
503,39,1
504,52,16
505,52,13
506,49,12
507,54,17
508,43,5
509,35,4
510,51,8
511,50,16
512,50,11
513,51,11
514,48,10
515,47,5
516,55,18
517,51,11
518,49,11
519,48,8
520,60,22
521,70,29
522,52,10
523,52,11
524,59,20
525,45,7
526,60,18
527,58,18
528,54,10
529,57,16
530,52,12
531,54,17
532,53,15
533,48,11
534,50,8
535,49,7
536,44,4
537,50,12
538,53,14
539,53,11
540,49,8
541,42,6
542,40,4
543,61,24
544,48,7
545,53,11
546,48,9
547,47,7
548,57,17
549,45,6
550,47,8
551,52,13
552,52,14
553,58,19
554,49,14
555,44,6
556,53,17
557,44,5
558,63,24
559,59,18
560,41,3
561,46,11
562,59,20
563,40,5
564,52,12
565,63,17
566,52,11
567,71,28
568,55,14
569,47,8
570,45,5
571,54,15
572,65,23
573,47,8
574,72,26
575,50,10
576,39,5
577,52,12
578,52,13
579,48,7
580,50,9
581,50,12
582,47,10
583,51,10
584,45,6
585,62,22
586,57,17
587,43,5
588,71,26
589,61,17
590,52,12
591,53,10
592,49,7
593,49,12
594,47,7
595,60,19
596,58,15
597,50,11
598,54,12
599,46,5
600,57,14
601,42,7
602,51,15
603,49,6
604,61,22
605,47,7
606,57,13
607,64,26
608,41,5
609,54,13
610,62,17
611,40,3
612,50,12
613,55,12
614,50,11
615,44,8
616,61,23
617,48,13
618,51,10
619,65,24
620,51,18
621,43,10
622,44,5
623,65,27
624,63,23
625,48,5
626,43,5
627,53,15
628,48,14
629,56,21
630,56,15
631,52,10
632,47,10
633,40,5
634,47,11
635,58,16
636,45,4
637,60,22
638,53,14
639,51,10
640,61,19
641,59,21
642,48,8
643,73,31
644,52,9
645,46,8
646,48,11
647,50,9
648,55,17
649,46,10
650,41,7
651,56,15
652,53,16
653,51,13
654,65,24
655,50,7
656,54,18
657,51,6
658,52,12
659,54,16
660,55,16
661,46,9
662,43,6
663,45,5
664,66,25
665,56,15
666,55,15
667,55,15
668,54,13
669,49,11
670,52,16
671,56,15
672,52,15
673,45,7
674,49,9
675,58,25
676,51,12
677,50,8
678,43,3
679,40,3
680,50,6
681,50,7
682,56,16
683,58,16
684,54,17
685,61,22
686,48,7
687,50,13
688,58,16
689,56,17
690,48,12
691,63,19
692,54,16
693,54,11
694,46,8
695,52,10
696,46,9
697,46,8
698,59,15
699,46,6
700,50,8
701,50,9
702,47,11
703,55,12
704,50,8
705,43,3
706,57,16
707,47,9
708,43,3
709,59,23
710,40,4
711,42,6
712,42,7
713,46,9
714,50,11
715,54,11
716,47,11
717,66,21
718,62,21
719,45,4
720,59,16
721,47,7
722,42,6
723,46,6
724,45,9
725,46,7
726,52,10
727,43,7
728,57,15
729,50,7
730,58,18
731,55,12
732,41,9
733,63,20
734,53,11
735,50,11
736,43,8
737,53,13
738,46,6
739,46,7
740,47,6
741,45,8
742,47,10
743,56,22
744,56,16
745,52,12
746,48,11
747,51,13
748,55,13
749,47,13
750,52,9
751,45,6
752,54,17
753,43,6
754,45,7
755,54,13
756,54,15
757,41,4
758,51,13
759,55,17
760,41,3
761,53,10
762,40,5
763,45,7
764,60,17
765,43,3
766,49,11
767,42,5
768,68,20
769,57,17
770,54,9
771,46,5
772,58,13
773,43,9
774,60,17
775,50,12
776,47,10
777,46,10
778,61,16
779,81,35
780,53,15
781,57,15
782,56,15
783,49,12
784,63,21
785,51,13
786,43,5
787,52,13
788,59,21
789,52,11
790,55,15
791,45,6
792,60,18
793,62,24
794,54,15
795,58,16
796,42,8
797,51,10
798,47,10
799,54,13
800,49,9
801,63,21
802,40,4
803,54,13
804,54,17
805,58,19
806,62,24
807,48,10
808,43,6
809,50,17
810,42,8
811,44,8
812,49,8
813,50,9
814,47,12
815,49,10
816,57,15
817,45,8
818,51,12
819,48,7
820,48,11
821,52,11
822,47,5
823,51,10
824,47,10
825,52,10
826,47,7
827,55,11
828,46,7
829,49,12
830,58,17
831,53,10
832,47,8
833,53,14
834,53,11
835,52,7
836,63,19
837,49,8
838,46,9
839,39,1
840,41,7
841,56,12
842,51,11
843,42,9
844,61,16
845,55,10
846,55,19
847,49,4
848,55,13
849,58,18
850,41,6
851,54,16
852,56,14
853,47,5
854,50,7
855,60,14
856,54,14
857,50,6
858,55,15
859,42,3
860,48,10
861,49,9
862,50,14
863,46,8
864,61,19
865,55,14
866,51,10
867,44,3
868,58,16
869,55,12
870,54,13
871,44,5
872,59,17
873,51,13
874,57,13
875,54,15
876,49,8
877,47,11
878,57,17
879,50,10
880,44,6
881,52,10
882,48,9
883,50,11
884,59,19
885,49,16
886,51,15
887,48,12
888,47,7
889,52,11
890,60,18
891,59,18
892,59,18
893,46,3
894,65,19
895,45,10
896,48,5
897,65,25
898,49,8
899,46,6
900,57,20
901,43,7
902,46,8
903,48,14
904,49,9
905,53,16
906,44,4
907,57,14
908,53,11
909,49,14
910,49,11
911,46,9
912,57,16
913,42,2
914,50,9
915,46,9
916,48,9
917,47,9
918,47,11
919,40,4
920,68,23
921,43,10
922,36,2
923,67,27
924,53,17
925,49,12
926,50,13
927,49,7
928,59,21
929,46,6
930,49,14
931,58,20
932,48,9
933,50,13
934,50,11
935,51,13
936,54,15
937,55,20
938,46,4
939,45,8
940,63,24
941,42,7
942,60,22
943,64,21
944,49,10
945,63,21
946,51,8
947,51,11
948,46,7
949,70,28
950,46,8
951,57,18
952,40,2
953,55,14
954,52,7
955,48,10
956,46,2
957,49,11
958,50,11
959,49,10
960,71,30
961,54,14
962,51,9
963,51,11
964,61,17
965,47,6
966,56,17
967,50,13
968,58,20
969,47,8
970,54,14
971,66,24
972,46,6
973,34,3
974,52,10
975,48,6
976,61,16
977,52,12
978,49,10
979,54,10
980,63,23
981,52,12
982,52,12
983,55,12
984,47,12
985,46,8
986,50,12
987,51,10
988,63,21
989,51,12
990,44,4
991,62,20
992,54,10
993,48,9
994,67,28
995,49,6
996,46,8
997,53,12
998,46,7
999,48,10
1000,55,18
