NUM,ATBAT,SCORE
1,34,1
2,44,8
3,45,9
4,44,6
5,59,17
6,53,6
7,36,1
8,48,8
9,56,16
10,49,7
11,38,2
12,36,4
13,44,5
14,35,2
15,40,7
16,41,3
17,37,1
18,42,6
19,46,10
20,43,8
21,45,11
22,40,4
23,46,6
24,41,2
25,54,9
26,38,1
27,33,1
28,41,2
29,40,6
30,48,7
31,41,1
32,42,6
33,41,4
34,44,3
35,39,3
36,39,3
37,52,14
38,56,17
39,44,7
40,45,5
41,41,2
42,43,2
43,41,0
44,43,3
45,35,1
46,35,0
47,45,7
48,45,9
49,36,0
50,45,4
51,58,16
52,49,4
53,44,2
54,47,5
55,39,2
56,43,2
57,45,9
58,57,14
59,50,8
60,38,4
61,44,3
62,44,2
63,47,12
64,38,5
65,52,12
66,40,1
67,43,5
68,39,3
69,40,2
70,44,10
71,40,3
72,44,5
73,39,4
74,50,9
75,49,9
76,34,0
77,50,11
78,38,7
79,39,7
80,43,10
81,55,13
82,34,2
83,36,1
84,45,5
85,39,3
86,35,1
87,41,5
88,39,7
89,39,2
90,50,13
91,51,11
92,39,8
93,37,1
94,44,5
95,44,8
96,45,9
97,51,9
98,40,2
99,54,13
100,44,9
101,49,10
102,41,8
103,44,8
104,46,9
105,33,0
106,36,0
107,40,5
108,41,6
109,40,4
110,47,6
111,40,7
112,33,1
113,35,3
114,46,7
115,38,1
116,48,7
117,35,2
118,42,4
119,43,7
120,47,7
121,40,2
122,38,3
123,46,10
124,37,2
125,42,10
126,41,6
127,43,6
128,41,2
129,45,8
130,38,0
131,46,9
132,38,3
133,40,1
134,35,0
135,41,3
136,55,11
137,39,1
138,40,3
139,45,3
140,44,6
141,41,1
142,39,4
143,47,8
144,35,2
145,49,8
146,46,10
147,48,7
148,41,3
149,44,6
150,45,6
151,47,12
152,49,8
153,45,4
154,44,3
155,34,4
156,45,10
157,44,6
158,44,6
159,38,5
160,48,6
161,49,13
162,42,4
163,40,4
164,38,1
165,42,6
166,40,2
167,45,4
168,44,4
169,42,4
170,37,4
171,38,0
172,36,0
173,39,2
174,38,1
175,38,4
176,42,4
177,50,3
178,41,5
179,37,4
180,46,8
181,37,4
182,44,5
183,42,1
184,40,3
185,51,13
186,39,6
187,46,9
188,38,2
189,40,2
190,48,8
191,39,2
192,37,4
193,34,1
194,40,4
195,41,4
196,49,10
197,37,0
198,41,1
199,45,3
200,51,9
201,47,10
202,40,2
203,46,3
204,43,3
205,52,9
206,41,5
207,46,6
208,51,7
209,46,7
210,48,11
211,42,7
212,55,12
213,42,5
214,46,7
215,49,10
216,49,9
217,43,8
218,44,7
219,37,2
220,46,9
221,48,5
222,57,10
223,46,4
224,43,5
225,47,9
226,43,7
227,48,7
228,41,3
229,42,4
230,43,6
231,34,2
232,46,7
233,48,6
234,45,3
235,40,1
236,44,7
237,51,10
238,41,3
239,39,7
240,55,15
241,37,4
242,48,7
243,41,1
244,40,4
245,41,5
246,51,6
247,50,13
248,56,18
249,44,5
250,47,5
251,49,4
252,40,4
253,41,2
254,44,6
255,49,15
256,48,6
257,42,4
258,47,10
259,50,8
260,41,6
261,40,3
262,48,5
263,51,13
264,49,8
265,49,11
266,40,4
267,39,5
268,51,13
269,48,11
270,35,1
271,50,11
272,40,1
273,39,3
274,43,7
275,51,14
276,44,5
277,36,1
278,43,3
279,44,3
280,41,5
281,44,5
282,45,5
283,43,2
284,45,8
285,56,17
286,48,7
287,42,2
288,38,4
289,48,9
290,42,7
291,42,2
292,49,6
293,44,8
294,37,1
295,44,6
296,37,1
297,41,5
298,46,6
299,49,13
300,40,4
301,48,4
302,41,3
303,52,7
304,48,8
305,41,6
306,36,2
307,43,6
308,45,10
309,42,3
310,48,10
311,39,4
312,57,12
313,39,1
314,37,3
315,44,3
316,45,8
317,45,8
318,36,3
319,38,2
320,36,2
321,45,5
322,35,4
323,45,7
324,43,3
325,42,9
326,44,6
327,49,10
328,43,3
329,40,5
330,43,4
331,39,4
332,41,10
333,40,3
334,55,17
335,42,6
336,40,5
337,46,10
338,48,10
339,41,2
340,42,4
341,37,2
342,38,3
343,39,3
344,40,3
345,55,12
346,44,4
347,53,10
348,39,3
349,45,10
350,41,2
351,52,9
352,39,1
353,45,9
354,51,14
355,46,8
356,43,5
357,49,7
358,43,6
359,50,10
360,45,6
361,40,3
362,38,2
363,50,7
364,48,8
365,48,8
366,39,2
367,36,2
368,44,6
369,50,9
370,33,0
371,40,3
372,44,4
373,48,6
374,38,4
375,42,6
376,47,5
377,38,2
378,39,1
379,42,8
380,44,7
381,40,5
382,44,3
383,46,6
384,46,6
385,42,7
386,45,6
387,43,8
388,44,2
389,43,2
390,44,1
391,39,5
392,49,6
393,42,5
394,36,3
395,35,1
396,48,12
397,49,9
398,42,6
399,43,8
400,35,0
401,44,9
402,41,3
403,43,7
404,46,11
405,43,1
406,39,2
407,48,10
408,48,6
409,50,13
410,45,4
411,45,4
412,45,8
413,35,0
414,47,8
415,33,0
416,44,2
417,36,1
418,41,5
419,37,0
420,42,6
421,37,1
422,40,5
423,43,4
424,48,7
425,37,4
426,43,7
427,48,9
428,45,4
429,44,9
430,38,3
431,43,9
432,46,11
433,36,2
434,49,9
435,40,7
436,37,5
437,42,3
438,36,1
439,42,3
440,43,10
441,43,6
442,45,5
443,40,7
444,44,3
445,39,3
446,40,5
447,51,14
448,40,2
449,41,3
450,48,13
451,42,9
452,48,10
453,33,0
454,39,3
455,44,5
456,35,2
457,40,3
458,38,1
459,41,7
460,58,15
461,41,2
462,45,5
463,39,3
464,49,6
465,36,1
466,39,4
467,43,5
468,47,5
469,34,3
470,42,3
471,42,1
472,44,6
473,43,3
474,39,4
475,38,6
476,36,2
477,39,1
478,54,11
479,50,8
480,45,4
481,41,4
482,44,6
483,35,2
484,46,7
485,46,9
486,42,6
487,47,7
488,42,1
489,40,6
490,37,3
491,44,7
492,43,6
493,44,12
494,38,0
495,37,4
496,46,2
497,34,1
498,45,9
499,45,9
500,40,2
501,37,4
502,42,2
503,47,11
504,45,6
505,51,9
506,48,9
507,40,4
508,48,8
509,43,2
510,42,6
511,36,3
512,40,4
513,37,2
514,47,9
515,43,5
516,42,7
517,40,1
518,47,4
519,43,3
520,39,6
521,45,11
522,54,11
523,44,9
524,37,1
525,47,8
526,40,5
527,38,1
528,47,9
529,49,7
530,41,2
531,49,5
532,46,6
533,42,8
534,43,6
535,48,14
536,47,6
537,52,12
538,40,2
539,43,1
540,43,2
541,34,1
542,44,5
543,60,17
544,39,1
545,49,13
546,48,10
547,51,8
548,31,0
549,45,6
550,41,6
551,48,7
552,47,9
553,47,12
554,45,5
555,40,4
556,40,6
557,46,9
558,38,3
559,61,22
560,40,2
561,52,11
562,42,4
563,55,14
564,57,24
565,33,0
566,39,4
567,45,7
568,51,14
569,37,7
570,44,4
571,46,5
572,48,5
573,39,3
574,50,13
575,46,9
576,45,5
577,40,4
578,42,5
579,41,4
580,46,9
581,58,21
582,39,1
583,43,6
584,50,9
585,50,8
586,42,7
587,43,8
588,42,1
589,50,6
590,41,6
591,40,3
592,43,9
593,40,1
594,48,7
595,44,8
596,54,9
597,37,3
598,37,0
599,40,1
600,42,3
601,43,3
602,42,3
603,48,8
604,49,8
605,53,8
606,35,1
607,40,2
608,45,6
609,38,2
610,47,6
611,36,3
612,45,8
613,49,10
614,43,2
615,44,3
616,39,0
617,39,2
618,52,11
619,42,3
620,51,11
621,41,8
622,45,7
623,41,4
624,41,2
625,49,8
626,50,11
627,44,7
628,49,8
629,35,2
630,37,1
631,45,9
632,49,9
633,42,7
634,46,8
635,43,3
636,37,3
637,43,7
638,34,3
639,39,4
640,46,5
641,41,6
642,37,2
643,46,10
644,46,5
645,39,1
646,38,1
647,50,14
648,47,10
649,42,4
650,45,8
651,39,5
652,48,10
653,36,3
654,44,7
655,35,5
656,36,2
657,39,4
658,48,8
659,44,10
660,38,4
661,40,6
662,36,0
663,43,8
664,41,3
665,42,5
666,45,6
667,44,4
668,42,4
669,47,7
670,43,4
671,57,14
672,41,6
673,36,2
674,37,0
675,50,5
676,44,6
677,40,4
678,43,4
679,38,4
680,38,3
681,42,5
682,46,2
683,46,10
684,46,10
685,36,2
686,44,1
687,54,12
688,44,10
689,40,6
690,45,10
691,46,4
692,46,9
693,50,15
694,54,11
695,44,9
696,46,12
697,46,8
698,52,12
699,43,3
700,32,1
701,36,0
702,54,14
703,43,1
704,46,6
705,46,9
706,41,4
707,49,13
708,54,16
709,36,3
710,49,6
711,42,3
712,44,4
713,45,5
714,33,2
715,48,8
716,49,7
717,45,7
718,47,17
719,42,6
720,46,6
721,49,6
722,40,7
723,38,1
724,41,9
725,42,3
726,37,2
727,43,6
728,44,3
729,56,14
730,39,2
731,37,0
732,46,15
733,49,6
734,41,3
735,40,4
736,53,11
737,39,1
738,50,12
739,37,0
740,44,5
741,47,4
742,41,2
743,38,4
744,45,8
745,40,2
746,52,10
747,47,11
748,41,5
749,40,4
750,37,0
751,46,6
752,44,4
753,43,2
754,38,3
755,35,1
756,46,5
757,41,0
758,51,9
759,42,5
760,42,5
761,40,4
762,44,5
763,47,7
764,43,6
765,37,6
766,47,8
767,41,9
768,41,9
769,41,4
770,47,8
771,38,4
772,49,8
773,38,2
774,52,7
775,43,3
776,40,3
777,37,5
778,42,4
779,36,4
780,38,2
781,37,4
782,39,1
783,51,11
784,45,4
785,40,2
786,34,3
787,39,1
788,41,7
789,43,6
790,46,6
791,40,4
792,55,13
793,48,8
794,42,5
795,51,14
796,43,10
797,40,3
798,36,1
799,42,4
800,43,8
801,54,16
802,50,11
803,32,0
804,39,5
805,51,14
806,34,0
807,38,4
808,52,9
809,48,8
810,44,9
811,46,3
812,37,1
813,40,4
814,40,2
815,46,11
816,46,10
817,42,6
818,44,7
819,42,4
820,40,5
821,45,2
822,47,10
823,39,4
824,50,12
825,40,7
826,35,1
827,38,4
828,44,7
829,38,0
830,39,2
831,50,9
832,42,6
833,45,8
834,44,5
835,39,2
836,48,10
837,36,1
838,41,2
839,38,6
840,44,4
841,45,6
842,38,2
843,40,4
844,42,1
845,50,12
846,42,4
847,40,6
848,43,3
849,35,0
850,40,6
851,42,3
852,50,11
853,42,2
854,39,3
855,36,0
856,44,6
857,50,7
858,42,7
859,35,1
860,39,3
861,51,10
862,45,5
863,43,4
864,48,8
865,46,9
866,37,2
867,37,1
868,41,5
869,36,5
870,38,2
871,44,5
872,34,0
873,45,11
874,48,11
875,50,10
876,55,11
877,45,5
878,38,1
879,42,6
880,42,2
881,43,4
882,36,2
883,41,3
884,51,9
885,36,6
886,32,2
887,39,3
888,44,6
889,48,8
890,47,8
891,45,5
892,45,4
893,40,3
894,50,15
895,37,4
896,42,8
897,41,5
898,51,14
899,42,4
900,35,3
901,41,1
902,49,9
903,42,7
904,50,14
905,41,3
906,35,1
907,53,14
908,37,4
909,35,3
910,41,2
911,43,8
912,37,3
913,43,7
914,45,8
915,53,12
916,46,7
917,43,5
918,47,7
919,43,3
920,45,6
921,46,6
922,39,3
923,37,4
924,43,5
925,48,7
926,40,1
927,39,3
928,39,3
929,37,0
930,43,3
931,41,4
932,39,1
933,41,2
934,45,2
935,52,13
936,36,1
937,49,6
938,49,8
939,40,6
940,47,7
941,39,5
942,42,5
943,41,4
944,35,1
945,35,1
946,48,9
947,40,5
948,45,8
949,42,3
950,51,15
951,42,1
952,46,7
953,47,5
954,48,14
955,34,1
956,48,12
957,44,8
958,45,9
959,49,12
960,44,6
961,42,0
962,37,2
963,44,8
964,50,7
965,56,18
966,42,6
967,34,1
968,38,4
969,37,1
970,49,13
971,42,10
972,50,10
973,44,3
974,35,2
975,45,10
976,43,7
977,45,5
978,48,13
979,38,6
980,37,0
981,35,0
982,40,5
983,40,6
984,44,6
985,42,6
986,39,1
987,39,3
988,37,3
989,44,5
990,35,2
991,40,6
992,45,8
993,43,5
994,45,4
995,53,14
996,38,0
997,46,3
998,48,9
999,43,7
1000,42,3
