NUM,ATBAT,SCORE
1,36,1
2,53,10
3,58,20
4,41,1
5,48,11
6,53,12
7,43,5
8,41,4
9,50,6
10,41,3
11,40,4
12,37,3
13,48,12
14,44,8
15,38,7
16,46,9
17,39,4
18,35,1
19,47,9
20,35,0
21,50,16
22,43,4
23,53,10
24,52,12
25,47,3
26,44,5
27,39,5
28,43,3
29,43,9
30,40,6
31,39,0
32,41,3
33,41,7
34,48,9
35,44,1
36,52,13
37,43,5
38,49,10
39,60,19
40,47,10
41,44,7
42,32,2
43,48,14
44,53,19
45,45,8
46,42,6
47,40,4
48,46,9
49,56,16
50,37,1
51,39,8
52,39,3
53,46,4
54,51,10
55,46,7
56,44,6
57,45,8
58,49,9
59,52,13
60,51,11
61,38,2
62,46,7
63,45,6
64,45,6
65,41,4
66,37,2
67,49,4
68,41,2
69,51,13
70,47,10
71,43,4
72,52,12
73,40,2
74,45,7
75,42,7
76,60,19
77,42,7
78,57,16
79,48,11
80,46,5
81,39,3
82,47,9
83,42,3
84,48,9
85,45,7
86,52,13
87,49,14
88,50,4
89,56,15
90,49,13
91,46,9
92,52,9
93,51,13
94,50,8
95,39,6
96,42,4
97,47,7
98,46,6
99,43,6
100,44,7
101,56,16
102,48,8
103,42,3
104,39,4
105,45,9
106,45,6
107,37,3
108,39,5
109,40,5
110,49,11
111,46,9
112,42,8
113,47,5
114,49,9
115,49,9
116,46,8
117,42,5
118,41,4
119,44,7
120,45,7
121,46,7
122,46,8
123,41,3
124,40,7
125,50,11
126,36,2
127,44,8
128,43,6
129,51,10
130,40,2
131,41,3
132,42,6
133,42,2
134,47,9
135,47,5
136,51,7
137,51,12
138,41,6
139,58,18
140,46,9
141,44,3
142,43,4
143,44,2
144,48,10
145,49,7
146,38,3
147,51,14
148,51,14
149,54,14
150,45,10
151,39,5
152,41,3
153,46,7
154,48,14
155,39,4
156,44,6
157,43,5
158,49,6
159,41,2
160,49,9
161,41,2
162,42,1
163,36,0
164,38,4
165,45,4
166,45,2
167,50,10
168,36,2
169,38,4
170,44,3
171,46,8
172,41,7
173,50,12
174,46,8
175,45,8
176,47,11
177,45,8
178,44,7
179,56,12
180,42,4
181,46,11
182,40,3
183,48,10
184,40,10
185,43,8
186,45,9
187,32,0
188,46,6
189,53,9
190,44,5
191,49,14
192,38,2
193,35,1
194,44,8
195,44,5
196,45,3
197,49,12
198,51,9
199,45,7
200,55,15
201,37,3
202,41,2
203,57,18
204,35,1
205,36,3
206,46,8
207,41,5
208,45,7
209,37,7
210,50,11
211,40,5
212,47,10
213,45,6
214,36,0
215,54,16
216,43,6
217,50,11
218,45,5
219,44,5
220,44,6
221,42,2
222,58,18
223,37,0
224,45,5
225,40,3
226,49,10
227,44,3
228,48,6
229,33,1
230,55,14
231,50,10
232,48,10
233,39,2
234,44,4
235,44,6
236,38,1
237,37,2
238,50,7
239,40,5
240,44,5
241,45,5
242,47,5
243,39,5
244,46,13
245,47,8
246,49,6
247,45,5
248,37,1
249,39,3
250,52,15
251,44,5
252,43,8
253,48,12
254,36,0
255,41,3
256,45,4
257,37,1
258,54,17
259,41,8
260,46,7
261,48,11
262,55,14
263,43,6
264,36,3
265,43,3
266,49,8
267,40,4
268,46,7
269,43,8
270,44,6
271,40,1
272,47,8
273,45,8
274,41,9
275,46,7
276,41,7
277,39,6
278,49,11
279,53,14
280,44,11
281,46,7
282,41,2
283,38,3
284,47,9
285,40,6
286,46,5
287,43,4
288,46,8
289,41,2
290,48,5
291,43,3
292,38,1
293,38,2
294,51,11
295,36,2
296,37,2
297,39,1
298,53,15
299,52,11
300,46,8
301,36,2
302,40,3
303,43,5
304,44,6
305,44,7
306,58,15
307,37,0
308,45,7
309,41,9
310,41,7
311,50,9
312,46,6
313,34,3
314,51,9
315,44,10
316,40,8
317,55,18
318,49,10
319,34,0
320,43,4
321,40,2
322,40,6
323,41,7
324,41,5
325,41,5
326,40,2
327,55,16
328,43,8
329,39,2
330,47,8
331,52,14
332,43,1
333,45,10
334,46,8
335,42,7
336,58,16
337,43,5
338,43,5
339,43,6
340,54,15
341,50,12
342,41,6
343,41,6
344,42,3
345,37,3
346,49,7
347,38,3
348,52,10
349,42,4
350,41,3
351,48,6
352,42,6
353,40,1
354,47,2
355,36,3
356,51,9
357,44,3
358,46,8
359,40,1
360,41,5
361,42,5
362,37,1
363,43,7
364,42,2
365,52,11
366,39,3
367,42,4
368,39,3
369,47,9
370,49,12
371,40,7
372,37,2
373,47,8
374,50,13
375,41,4
376,48,4
377,42,4
378,34,2
379,43,7
380,49,11
381,44,5
382,38,2
383,45,9
384,54,13
385,49,9
386,31,0
387,35,3
388,44,7
389,46,5
390,44,6
391,45,5
392,45,2
393,36,1
394,47,8
395,44,8
396,47,9
397,43,4
398,44,2
399,45,8
400,60,16
401,45,5
402,56,17
403,35,2
404,43,3
405,54,14
406,66,25
407,51,12
408,36,2
409,39,4
410,40,3
411,36,2
412,36,4
413,51,11
414,40,4
415,47,8
416,52,7
417,45,11
418,40,3
419,38,1
420,45,7
421,50,12
422,42,6
423,47,12
424,32,0
425,47,10
426,37,3
427,43,3
428,38,4
429,55,14
430,41,2
431,42,2
432,51,10
433,44,10
434,54,13
435,42,5
436,39,3
437,41,5
438,44,4
439,41,4
440,42,3
441,46,8
442,44,8
443,43,3
444,44,6
445,43,7
446,39,2
447,35,0
448,42,7
449,45,8
450,45,9
451,46,5
452,39,5
453,46,12
454,44,4
455,39,3
456,43,7
457,44,5
458,44,6
459,51,15
460,40,3
461,40,4
462,43,5
463,37,2
464,42,4
465,41,4
466,39,4
467,43,3
468,46,3
469,45,6
470,51,13
471,46,7
472,41,5
473,45,11
474,45,6
475,44,6
476,43,7
477,42,3
478,38,5
479,53,13
480,48,9
481,39,4
482,47,12
483,45,5
484,55,12
485,41,6
486,40,2
487,42,4
488,37,3
489,49,13
490,36,4
491,48,8
492,43,6
493,48,8
494,40,3
495,40,6
496,58,17
497,42,6
498,64,20
499,40,7
500,48,10
501,40,1
502,41,2
503,39,1
504,57,17
505,41,5
506,44,12
507,40,4
508,44,6
509,54,14
510,49,11
511,37,3
512,48,10
513,41,3
514,39,2
515,45,5
516,50,8
517,49,9
518,46,7
519,44,3
520,45,9
521,45,8
522,37,3
523,48,9
524,47,6
525,42,3
526,38,2
527,56,13
528,37,0
529,41,1
530,56,18
531,51,15
532,40,4
533,47,7
534,53,10
535,42,4
536,37,0
537,40,3
538,45,7
539,46,8
540,44,5
541,42,5
542,56,17
543,52,11
544,43,7
545,46,5
546,56,16
547,39,1
548,42,2
549,53,13
550,44,3
551,42,5
552,50,13
553,41,4
554,48,6
555,41,4
556,45,8
557,46,9
558,43,5
559,42,6
560,36,1
561,46,6
562,43,3
563,41,3
564,34,0
565,46,1
566,44,7
567,38,3
568,47,7
569,40,3
570,52,11
571,44,10
572,40,5
573,41,6
574,43,6
575,35,1
576,40,1
577,46,12
578,41,5
579,36,2
580,43,8
581,55,9
582,46,7
583,35,3
584,47,10
585,44,8
586,41,1
587,45,7
588,49,11
589,47,10
590,45,6
591,46,9
592,43,4
593,45,6
594,46,6
595,52,14
596,51,13
597,40,5
598,47,7
599,54,16
600,46,5
601,35,2
602,43,4
603,43,5
604,36,2
605,44,6
606,41,6
607,52,12
608,51,10
609,55,13
610,50,11
611,48,8
612,40,2
613,45,11
614,39,1
615,39,4
616,45,9
617,51,9
618,41,3
619,40,4
620,59,19
621,43,7
622,45,5
623,47,12
624,39,4
625,42,5
626,37,0
627,59,16
628,46,8
629,40,7
630,39,3
631,50,9
632,36,2
633,44,4
634,45,9
635,45,5
636,39,0
637,46,8
638,46,6
639,33,1
640,49,10
641,47,11
642,34,0
643,39,5
644,40,3
645,52,12
646,44,6
647,42,5
648,44,8
649,43,8
650,38,0
651,39,4
652,45,7
653,51,13
654,40,6
655,50,12
656,38,4
657,47,9
658,50,14
659,49,6
660,44,4
661,49,10
662,41,6
663,40,5
664,49,15
665,41,7
666,46,10
667,42,8
668,47,6
669,51,12
670,44,10
671,40,6
672,52,11
673,50,11
674,43,7
675,42,5
676,43,6
677,44,5
678,42,6
679,47,10
680,57,13
681,46,10
682,41,8
683,54,17
684,43,8
685,52,12
686,47,5
687,45,8
688,39,1
689,51,15
690,45,7
691,47,8
692,44,4
693,49,7
694,44,5
695,58,15
696,42,4
697,48,6
698,53,17
699,39,2
700,38,1
701,49,10
702,46,9
703,45,6
704,37,5
705,46,10
706,45,5
707,57,16
708,42,4
709,36,0
710,49,11
711,48,6
712,40,6
713,40,4
714,49,12
715,43,4
716,36,1
717,40,6
718,45,8
719,46,8
720,44,6
721,40,2
722,45,7
723,45,6
724,43,5
725,44,5
726,37,3
727,40,3
728,44,6
729,39,4
730,49,12
731,38,2
732,44,10
733,45,5
734,44,6
735,39,1
736,43,4
737,39,4
738,46,6
739,46,5
740,43,6
741,43,5
742,43,7
743,50,8
744,44,10
745,44,6
746,47,5
747,39,1
748,42,6
749,34,3
750,43,8
751,37,4
752,46,9
753,46,7
754,48,10
755,44,4
756,43,6
757,45,10
758,45,12
759,42,2
760,35,3
761,47,9
762,37,2
763,44,8
764,37,1
765,39,6
766,47,8
767,42,5
768,45,7
769,42,3
770,38,4
771,43,2
772,37,2
773,47,4
774,39,5
775,47,8
776,44,10
777,49,11
778,47,5
779,45,9
780,43,3
781,44,7
782,46,10
783,45,8
784,42,2
785,38,1
786,50,12
787,43,3
788,44,11
789,46,7
790,35,4
791,51,12
792,38,3
793,36,1
794,36,4
795,43,5
796,38,5
797,40,5
798,40,4
799,46,11
800,38,0
801,46,8
802,42,2
803,50,7
804,38,6
805,47,12
806,45,5
807,47,4
808,36,0
809,49,13
810,40,6
811,41,2
812,37,1
813,44,6
814,46,6
815,44,6
816,47,10
817,44,10
818,44,5
819,46,9
820,45,7
821,51,11
822,45,5
823,41,4
824,48,7
825,40,4
826,56,15
827,43,5
828,40,3
829,45,8
830,34,0
831,47,7
832,46,8
833,42,6
834,45,6
835,39,7
836,46,8
837,41,6
838,36,0
839,56,17
840,42,3
841,43,5
842,50,8
843,43,4
844,44,4
845,34,1
846,37,3
847,46,5
848,44,5
849,40,7
850,42,6
851,44,7
852,41,6
853,43,3
854,53,13
855,36,1
856,47,9
857,39,5
858,54,14
859,45,10
860,44,6
861,46,11
862,44,13
863,35,1
864,45,4
865,51,11
866,47,7
867,51,13
868,43,7
869,41,6
870,43,6
871,47,7
872,47,4
873,47,9
874,40,2
875,40,6
876,43,2
877,48,7
878,43,8
879,42,3
880,49,12
881,53,9
882,43,6
883,45,9
884,49,9
885,49,11
886,50,14
887,36,2
888,39,5
889,50,8
890,38,2
891,51,14
892,45,9
893,36,3
894,42,4
895,46,9
896,43,8
897,55,16
898,46,5
899,45,4
900,44,9
901,43,3
902,50,8
903,44,4
904,44,4
905,40,5
906,49,12
907,43,7
908,39,1
909,40,5
910,46,3
911,40,2
912,50,9
913,40,6
914,44,6
915,43,6
916,48,8
917,40,5
918,46,5
919,53,14
920,41,7
921,43,7
922,33,2
923,51,10
924,34,3
925,38,4
926,46,11
927,41,5
928,46,6
929,46,3
930,47,8
931,49,7
932,42,4
933,44,8
934,39,6
935,44,4
936,51,10
937,44,7
938,43,2
939,39,2
940,42,3
941,41,5
942,49,7
943,35,0
944,36,2
945,37,6
946,38,2
947,44,5
948,41,2
949,37,2
950,46,6
951,43,3
952,45,6
953,50,10
954,42,7
955,47,7
956,50,10
957,40,5
958,41,1
959,45,8
960,49,6
961,40,3
962,45,9
963,37,3
964,42,3
965,39,7
966,43,3
967,42,6
968,45,11
969,40,5
970,37,2
971,43,6
972,44,2
973,41,4
974,39,3
975,47,5
976,49,11
977,47,9
978,49,10
979,41,5
980,47,8
981,45,7
982,51,13
983,44,4
984,37,2
985,42,4
986,42,4
987,50,9
988,43,4
989,43,7
990,48,12
991,51,11
992,50,11
993,45,7
994,44,8
995,43,8
996,56,14
997,45,3
998,44,8
999,45,7
1000,47,8
