NUM,ATBAT,SCORE
1,49,8
2,43,5
3,44,2
4,43,6
5,48,8
6,43,4
7,47,10
8,44,5
9,47,3
10,36,1
11,46,4
12,41,2
13,44,4
14,42,3
15,37,2
16,42,4
17,42,6
18,39,2
19,47,4
20,36,1
21,42,4
22,40,1
23,44,3
24,40,3
25,46,6
26,38,0
27,40,2
28,33,1
29,35,2
30,54,16
31,42,2
32,50,11
33,49,11
34,42,6
35,37,1
36,36,2
37,38,1
38,36,1
39,37,0
40,47,6
41,37,2
42,40,0
43,47,7
44,44,6
45,43,6
46,46,5
47,46,6
48,42,6
49,49,5
50,40,4
51,44,4
52,35,0
53,44,7
54,50,8
55,49,8
56,37,1
57,38,0
58,57,15
59,42,3
60,36,1
61,48,11
62,34,2
63,48,10
64,49,6
65,41,3
66,39,3
67,42,5
68,44,7
69,44,5
70,47,9
71,42,1
72,45,5
73,45,7
74,44,5
75,59,13
76,42,3
77,43,7
78,50,10
79,37,2
80,44,6
81,37,1
82,53,13
83,50,10
84,40,3
85,45,9
86,41,1
87,34,0
88,39,6
89,41,2
90,41,3
91,41,6
92,35,0
93,40,2
94,57,14
95,38,2
96,37,2
97,47,7
98,40,3
99,53,12
100,43,4
101,38,2
102,41,5
103,38,2
104,50,7
105,41,4
106,48,5
107,38,0
108,38,2
109,50,15
110,45,6
111,41,5
112,43,6
113,40,4
114,50,16
115,55,13
116,50,8
117,45,5
118,44,4
119,42,1
120,37,2
121,49,9
122,41,4
123,45,8
124,42,3
125,40,1
126,41,6
127,50,8
128,43,4
129,46,3
130,40,5
131,39,1
132,40,3
133,34,1
134,39,3
135,42,3
136,39,1
137,47,9
138,63,20
139,37,1
140,41,1
141,45,6
142,53,10
143,44,5
144,45,5
145,37,2
146,41,5
147,41,2
148,38,2
149,49,11
150,42,4
151,45,9
152,40,6
153,41,6
154,33,2
155,47,5
156,39,1
157,36,0
158,41,1
159,42,5
160,37,1
161,50,11
162,47,6
163,39,2
164,38,1
165,46,10
166,42,5
167,46,6
168,43,4
169,41,4
170,45,5
171,36,3
172,45,6
173,39,3
174,36,3
175,41,2
176,50,11
177,45,5
178,34,1
179,42,3
180,43,5
181,35,0
182,44,2
183,48,7
184,39,3
185,40,3
186,47,6
187,53,12
188,40,2
189,37,4
190,40,3
191,46,8
192,40,6
193,40,2
194,37,0
195,47,2
196,36,4
197,42,5
198,44,7
199,39,2
200,44,5
201,51,8
202,52,15
203,37,2
204,47,9
205,43,6
206,52,11
207,38,1
208,42,3
209,42,4
210,41,4
211,34,2
212,37,2
213,43,2
214,36,1
215,40,0
216,43,6
217,49,10
218,41,7
219,38,3
220,37,1
221,43,3
222,47,7
223,58,13
224,43,7
225,50,10
226,46,7
227,39,3
228,57,18
229,43,7
230,44,4
231,40,1
232,42,2
233,37,5
234,39,5
235,51,13
236,46,10
237,42,2
238,32,1
239,38,1
240,43,6
241,50,9
242,47,9
243,38,3
244,41,3
245,37,2
246,34,0
247,40,1
248,56,13
249,42,5
250,50,16
251,34,1
252,43,7
253,52,6
254,35,0
255,47,7
256,40,3
257,49,3
258,46,7
259,38,0
260,39,2
261,43,3
262,54,13
263,55,14
264,48,5
265,44,8
266,54,8
267,43,4
268,45,7
269,52,9
270,37,1
271,41,3
272,42,3
273,46,7
274,37,0
275,37,2
276,44,5
277,46,5
278,47,8
279,36,0
280,35,0
281,45,5
282,40,3
283,38,0
284,34,2
285,55,10
286,42,3
287,44,3
288,30,0
289,36,1
290,49,12
291,47,7
292,49,9
293,49,11
294,32,1
295,44,4
296,49,7
297,38,6
298,43,5
299,50,12
300,51,9
301,43,2
302,47,3
303,47,5
304,50,15
305,44,6
306,45,7
307,45,5
308,40,1
309,45,3
310,42,2
311,39,4
312,44,4
313,41,3
314,42,4
315,45,6
316,49,8
317,45,4
318,44,6
319,40,5
320,47,4
321,49,8
322,51,8
323,46,6
324,45,4
325,37,2
326,42,6
327,41,5
328,40,2
329,42,6
330,42,3
331,34,1
332,42,4
333,38,3
334,40,7
335,45,4
336,47,9
337,44,2
338,34,0
339,38,3
340,44,4
341,46,4
342,45,4
343,55,15
344,43,5
345,40,1
346,43,7
347,39,6
348,44,5
349,43,1
350,46,6
351,40,3
352,44,4
353,40,2
354,38,0
355,46,6
356,38,2
357,48,6
358,36,1
359,47,7
360,48,5
361,38,1
362,48,6
363,40,0
364,45,1
365,35,2
366,42,4
367,35,1
368,50,9
369,43,5
370,42,6
371,37,1
372,48,7
373,39,0
374,39,4
375,61,18
376,45,4
377,33,1
378,37,1
379,43,3
380,43,2
381,41,2
382,46,5
383,43,5
384,57,14
385,44,8
386,41,1
387,37,1
388,42,3
389,45,4
390,50,12
391,38,1
392,43,4
393,34,1
394,41,5
395,43,2
396,47,7
397,41,6
398,54,12
399,37,1
400,40,2
401,43,7
402,41,6
403,41,3
404,51,11
405,48,6
406,42,4
407,42,5
408,43,5
409,39,3
410,47,6
411,41,5
412,33,2
413,56,13
414,47,12
415,49,11
416,48,8
417,43,5
418,34,1
419,35,0
420,48,6
421,40,7
422,36,2
423,56,19
424,45,4
425,39,0
426,46,7
427,45,3
428,49,9
429,44,6
430,42,3
431,48,10
432,45,5
433,47,7
434,32,0
435,44,10
436,42,8
437,42,3
438,37,0
439,53,11
440,44,4
441,41,10
442,37,3
443,38,2
444,41,4
445,39,1
446,42,3
447,40,6
448,39,1
449,42,4
450,55,12
451,37,5
452,49,7
453,41,3
454,42,4
455,40,2
456,50,9
457,36,2
458,38,0
459,42,3
460,50,8
461,42,4
462,40,3
463,38,1
464,44,3
465,40,2
466,38,0
467,43,5
468,40,4
469,44,7
470,39,2
471,48,10
472,44,6
473,59,14
474,37,2
475,41,5
476,41,1
477,37,7
478,52,11
479,55,13
480,48,10
481,40,5
482,47,7
483,35,0
484,42,6
485,38,7
486,37,1
487,45,0
488,44,7
489,45,7
490,45,4
491,43,3
492,37,1
493,54,14
494,46,7
495,50,11
496,39,4
497,44,3
498,40,5
499,40,6
500,47,6
501,41,3
502,39,3
503,40,3
504,44,4
505,40,3
506,38,0
507,50,10
508,44,7
509,37,3
510,47,9
511,38,0
512,39,0
513,47,4
514,37,1
515,45,10
516,33,0
517,53,10
518,47,8
519,48,6
520,50,11
521,35,2
522,37,0
523,42,5
524,43,5
525,48,7
526,36,0
527,39,1
528,36,4
529,42,6
530,39,2
531,39,4
532,47,6
533,39,4
534,44,6
535,46,5
536,38,3
537,50,7
538,40,5
539,43,6
540,43,3
541,43,5
542,45,4
543,46,6
544,40,0
545,42,6
546,42,4
547,50,10
548,42,5
549,38,4
550,38,2
551,43,5
552,36,1
553,39,6
554,54,9
555,53,14
556,43,4
557,44,6
558,40,4
559,40,3
560,42,3
561,40,5
562,35,5
563,52,13
564,44,4
565,39,3
566,42,6
567,43,3
568,42,4
569,39,3
570,52,9
571,40,5
572,39,1
573,42,5
574,35,0
575,33,0
576,51,8
577,45,5
578,38,5
579,44,7
580,46,5
581,40,5
582,45,9
583,43,5
584,41,9
585,44,7
586,39,1
587,37,4
588,45,7
589,40,2
590,43,1
591,40,3
592,38,0
593,41,0
594,43,8
595,43,6
596,39,4
597,42,5
598,42,4
599,52,8
600,35,1
601,47,8
602,40,3
603,41,3
604,41,6
605,35,2
606,48,5
607,50,11
608,45,5
609,43,6
610,55,13
611,40,3
612,43,2
613,36,2
614,46,7
615,41,2
616,44,4
617,41,5
618,46,6
619,40,2
620,41,4
621,42,6
622,42,2
623,48,5
624,43,9
625,52,13
626,45,5
627,39,2
628,38,0
629,41,3
630,46,5
631,35,2
632,36,1
633,38,5
634,47,6
635,46,7
636,37,1
637,35,0
638,43,6
639,40,1
640,44,6
641,42,4
642,49,11
643,50,13
644,50,6
645,43,3
646,41,4
647,41,2
648,43,2
649,46,8
650,38,1
651,40,4
652,38,3
653,47,9
654,49,10
655,38,1
656,46,3
657,38,5
658,46,3
659,42,1
660,47,11
661,45,10
662,38,1
663,41,0
664,37,2
665,50,10
666,47,5
667,42,8
668,51,10
669,42,4
670,48,9
671,50,9
672,41,3
673,38,3
674,54,15
675,52,7
676,45,6
677,46,8
678,46,14
679,45,5
680,42,3
681,38,4
682,53,7
683,43,6
684,43,2
685,46,4
686,51,11
687,54,11
688,55,14
689,39,4
690,44,12
691,46,6
692,44,6
693,39,0
694,46,7
695,41,5
696,44,9
697,41,1
698,47,7
699,40,2
700,47,7
701,34,0
702,45,8
703,43,7
704,48,7
705,44,4
706,42,5
707,50,8
708,38,1
709,43,3
710,39,2
711,44,4
712,47,7
713,43,5
714,42,4
715,38,0
716,40,3
717,44,4
718,45,6
719,36,4
720,47,5
721,44,5
722,54,12
723,43,3
724,37,2
725,33,0
726,47,6
727,50,7
728,42,2
729,36,2
730,36,4
731,40,3
732,41,1
733,57,16
734,44,5
735,40,3
736,44,7
737,36,2
738,42,4
739,42,5
740,40,2
741,45,3
742,38,2
743,41,3
744,46,8
745,39,5
746,39,2
747,36,0
748,34,0
749,40,2
750,47,11
751,44,7
752,38,2
753,49,7
754,50,11
755,37,3
756,43,3
757,46,3
758,48,9
759,41,0
760,33,1
761,36,2
762,55,18
763,40,3
764,52,11
765,33,0
766,41,3
767,39,0
768,40,2
769,54,12
770,36,1
771,55,10
772,44,2
773,41,5
774,50,9
775,46,3
776,34,0
777,39,4
778,46,7
779,42,5
780,49,9
781,35,1
782,37,1
783,49,10
784,39,1
785,61,20
786,43,4
787,44,1
788,44,3
789,42,4
790,45,3
791,43,2
792,39,2
793,38,3
794,39,2
795,42,7
796,52,14
797,48,9
798,44,4
799,41,4
800,36,1
801,49,7
802,38,2
803,50,6
804,41,4
805,41,2
806,43,4
807,43,6
808,46,5
809,56,13
810,53,15
811,37,0
812,51,10
813,43,2
814,50,14
815,49,11
816,47,5
817,42,6
818,45,4
819,43,3
820,61,15
821,43,3
822,46,8
823,58,14
824,39,2
825,37,3
826,40,3
827,45,7
828,39,1
829,46,4
830,50,8
831,41,2
832,53,15
833,37,2
834,47,7
835,45,4
836,37,0
837,45,3
838,45,5
839,43,4
840,40,6
841,36,1
842,42,4
843,42,3
844,47,7
845,45,8
846,40,2
847,41,5
848,45,8
849,40,1
850,41,2
851,42,1
852,41,5
853,36,1
854,47,6
855,41,5
856,40,1
857,56,16
858,44,9
859,43,5
860,49,8
861,45,5
862,49,5
863,44,4
864,44,2
865,39,3
866,48,9
867,48,6
868,40,3
869,38,2
870,44,8
871,39,3
872,31,2
873,41,1
874,42,3
875,41,5
876,47,11
877,43,6
878,44,4
879,41,3
880,46,8
881,41,6
882,44,1
883,43,2
884,44,5
885,49,6
886,55,14
887,40,2
888,39,2
889,40,4
890,38,4
891,38,3
892,37,3
893,46,3
894,45,9
895,37,0
896,41,5
897,60,11
898,48,7
899,59,20
900,38,2
901,41,4
902,46,5
903,52,7
904,42,1
905,49,13
906,40,3
907,48,10
908,48,8
909,57,16
910,46,7
911,42,6
912,46,7
913,43,8
914,44,4
915,41,1
916,40,4
917,41,2
918,36,3
919,39,2
920,37,0
921,45,2
922,44,3
923,47,7
924,50,11
925,40,2
926,47,5
927,40,2
928,44,3
929,39,5
930,47,5
931,52,8
932,44,6
933,37,3
934,39,0
935,38,3
936,42,5
937,46,5
938,48,9
939,42,4
940,38,1
941,43,6
942,41,2
943,38,4
944,48,5
945,42,3
946,36,1
947,47,11
948,45,6
949,39,4
950,42,2
951,43,6
952,50,13
953,45,6
954,48,7
955,42,3
956,49,9
957,46,2
958,42,4
959,38,3
960,42,4
961,39,1
962,33,0
963,39,0
964,39,4
965,39,3
966,43,6
967,40,4
968,43,7
969,46,5
970,39,4
971,42,1
972,46,7
973,41,4
974,41,2
975,36,0
976,45,6
977,40,4
978,48,9
979,51,10
980,42,3
981,44,6
982,52,11
983,43,4
984,42,3
985,46,8
986,48,6
987,47,7
988,46,6
989,48,8
990,45,7
991,37,2
992,41,6
993,38,0
994,41,4
995,39,2
996,40,1
997,45,4
998,44,3
999,40,4
1000,45,4
