NUM,ATBAT,SCORE
1,39,2
2,36,2
3,43,10
4,36,1
5,42,2
6,39,1
7,39,5
8,34,1
9,35,3
10,35,3
11,42,8
12,49,5
13,36,3
14,46,9
15,40,4
16,34,2
17,45,7
18,44,5
19,46,4
20,37,2
21,36,1
22,32,0
23,44,4
24,34,0
25,49,8
26,46,8
27,38,4
28,39,3
29,42,5
30,38,3
31,40,3
32,44,5
33,40,1
34,43,5
35,37,1
36,33,2
37,42,9
38,42,5
39,36,0
40,44,2
41,40,7
42,42,5
43,38,3
44,38,6
45,37,5
46,52,14
47,41,3
48,34,1
49,42,8
50,40,0
51,36,1
52,46,5
53,36,1
54,39,4
55,41,4
56,43,3
57,40,4
58,37,4
59,41,2
60,41,2
61,36,1
62,36,2
63,30,1
64,41,4
65,39,3
66,48,9
67,32,2
68,36,1
69,46,9
70,40,4
71,41,7
72,52,7
73,42,4
74,44,10
75,43,9
76,43,6
77,37,1
78,39,1
79,47,12
80,31,0
81,39,2
82,42,7
83,43,8
84,36,0
85,41,4
86,45,5
87,32,1
88,43,7
89,41,2
90,40,2
91,35,1
92,51,7
93,41,3
94,40,2
95,41,2
96,39,4
97,45,8
98,41,1
99,37,0
100,38,5
101,41,1
102,42,5
103,36,3
104,41,3
105,37,2
106,41,3
107,39,2
108,42,3
109,37,6
110,31,1
111,32,1
112,40,3
113,39,3
114,36,3
115,36,2
116,42,4
117,41,2
118,41,6
119,37,4
120,46,7
121,40,5
122,40,4
123,35,0
124,34,0
125,34,3
126,42,8
127,42,5
128,47,10
129,42,4
130,35,1
131,35,2
132,39,4
133,36,0
134,38,0
135,46,6
136,40,7
137,42,4
138,43,6
139,36,3
140,40,1
141,38,1
142,39,2
143,35,0
144,37,1
145,34,1
146,34,0
147,32,1
148,49,8
149,42,3
150,46,7
151,33,1
152,33,0
153,41,5
154,38,3
155,40,6
156,39,2
157,41,4
158,36,2
159,35,2
160,47,6
161,39,7
162,49,7
163,42,5
164,42,4
165,35,1
166,43,5
167,32,0
168,38,2
169,39,6
170,32,1
171,34,2
172,39,5
173,45,8
174,50,10
175,36,3
176,45,8
177,35,2
178,40,2
179,43,6
180,43,8
181,44,6
182,36,3
183,47,8
184,47,12
185,47,12
186,35,2
187,40,3
188,45,8
189,42,4
190,41,3
191,40,4
192,46,10
193,45,5
194,40,1
195,36,2
196,37,1
197,35,3
198,42,7
199,39,5
200,40,4
201,38,5
202,44,5
203,42,1
204,37,3
205,42,9
206,39,3
207,42,2
208,40,4
209,42,9
210,43,1
211,41,4
212,45,7
213,42,7
214,34,0
215,41,1
216,39,3
217,43,3
218,51,15
219,36,0
220,30,0
221,37,4
222,40,3
223,53,13
224,45,7
225,36,0
226,33,1
227,39,4
228,45,8
229,41,7
230,31,1
231,38,6
232,45,4
233,46,7
234,41,3
235,35,0
236,37,0
237,43,6
238,45,6
239,47,8
240,39,2
241,46,3
242,33,0
243,38,5
244,38,4
245,41,5
246,35,2
247,34,2
248,33,1
249,38,2
250,37,4
251,44,4
252,38,3
253,37,2
254,43,7
255,36,2
256,35,0
257,39,4
258,41,7
259,38,4
260,36,0
261,39,2
262,43,2
263,46,11
264,40,6
265,39,4
266,37,3
267,38,3
268,46,8
269,46,8
270,37,1
271,36,3
272,35,0
273,41,3
274,40,3
275,40,1
276,41,4
277,37,5
278,35,2
279,45,6
280,37,4
281,43,9
282,39,4
283,36,1
284,35,3
285,39,3
286,40,3
287,43,7
288,43,7
289,35,1
290,42,2
291,39,6
292,42,5
293,42,4
294,35,2
295,38,4
296,51,14
297,41,5
298,31,0
299,45,5
300,45,4
301,44,3
302,41,8
303,46,7
304,38,4
305,42,6
306,40,4
307,45,10
308,37,3
309,39,1
310,36,2
311,35,0
312,36,1
313,33,0
314,38,2
315,40,6
316,35,0
317,42,5
318,38,1
319,43,8
320,35,0
321,37,1
322,38,3
323,36,1
324,41,3
325,52,11
326,41,5
327,38,2
328,33,1
329,43,4
330,42,3
331,42,3
332,42,4
333,46,10
334,43,7
335,34,1
336,43,6
337,31,0
338,46,10
339,43,5
340,39,6
341,38,2
342,36,1
343,34,2
344,41,9
345,38,3
346,41,7
347,39,3
348,42,4
349,36,2
350,51,13
351,39,0
352,40,1
353,36,1
354,51,10
355,43,6
356,41,5
357,43,6
358,40,7
359,37,1
360,39,7
361,38,1
362,37,2
363,33,4
364,38,6
365,37,1
366,40,2
367,37,6
368,31,0
369,37,2
370,39,0
371,37,5
372,32,1
373,42,4
374,34,4
375,35,1
376,30,0
377,42,3
378,37,3
379,36,4
380,50,13
381,38,3
382,40,0
383,42,4
384,46,4
385,47,5
386,44,8
387,37,7
388,49,7
389,43,6
390,33,3
391,33,1
392,34,0
393,37,4
394,45,7
395,33,0
396,33,3
397,37,4
398,43,5
399,38,6
400,38,1
401,39,6
402,41,5
403,45,8
404,40,3
405,38,2
406,52,12
407,42,5
408,38,0
409,43,5
410,53,15
411,41,4
412,36,2
413,35,1
414,59,17
415,35,1
416,41,6
417,43,7
418,38,4
419,37,3
420,42,8
421,33,0
422,39,2
423,41,2
424,40,4
425,37,1
426,42,4
427,38,4
428,34,2
429,41,4
430,34,0
431,40,2
432,46,7
433,45,5
434,33,1
435,43,9
436,38,0
437,33,0
438,43,3
439,41,5
440,34,2
441,43,7
442,39,3
443,37,5
444,44,6
445,33,1
446,42,3
447,37,3
448,32,0
449,34,0
450,40,8
451,41,5
452,47,7
453,43,2
454,44,7
455,38,1
456,39,1
457,36,6
458,34,0
459,39,3
460,32,0
461,41,5
462,44,7
463,38,2
464,39,3
465,43,9
466,38,4
467,40,5
468,39,3
469,36,3
470,41,7
471,33,0
472,41,2
473,37,1
474,36,1
475,41,2
476,30,1
477,39,6
478,40,2
479,40,4
480,46,10
481,43,2
482,33,0
483,38,5
484,33,0
485,38,3
486,37,5
487,45,4
488,40,5
489,41,5
490,42,4
491,42,4
492,43,4
493,35,2
494,38,2
495,35,0
496,37,0
497,40,2
498,36,4
499,41,3
500,35,2
501,34,0
502,42,3
503,40,2
504,37,1
505,33,2
506,46,10
507,41,8
508,43,5
509,32,0
510,37,2
511,39,7
512,43,4
513,42,3
514,37,3
515,46,7
516,36,3
517,47,6
518,40,4
519,40,2
520,42,5
521,34,1
522,32,0
523,32,1
524,39,2
525,41,2
526,40,5
527,31,0
528,39,2
529,43,9
530,42,4
531,36,2
532,51,12
533,43,6
534,36,0
535,39,0
536,34,0
537,44,7
538,37,1
539,34,2
540,40,1
541,38,1
542,39,3
543,35,3
544,36,3
545,32,0
546,36,2
547,39,5
548,44,7
549,34,0
550,44,10
551,41,2
552,41,3
553,44,13
554,33,2
555,38,1
556,44,7
557,38,3
558,47,8
559,43,2
560,41,4
561,41,5
562,43,2
563,49,8
564,35,2
565,31,0
566,43,7
567,36,2
568,36,1
569,42,6
570,41,7
571,36,3
572,40,0
573,40,1
574,42,3
575,35,2
576,37,0
577,32,0
578,40,2
579,44,8
580,37,2
581,44,6
582,40,0
583,35,0
584,39,3
585,43,6
586,34,1
587,39,2
588,40,2
589,39,0
590,40,2
591,40,2
592,40,4
593,37,1
594,43,4
595,44,4
596,37,2
597,37,3
598,35,3
599,33,1
600,41,8
601,36,3
602,38,0
603,42,6
604,32,1
605,46,8
606,34,2
607,40,2
608,36,4
609,39,2
610,50,15
611,43,10
612,34,1
613,35,1
614,32,0
615,35,3
616,44,8
617,39,2
618,38,2
619,40,2
620,37,3
621,45,4
622,48,4
623,47,5
624,38,4
625,35,0
626,34,0
627,37,3
628,34,0
629,39,5
630,38,2
631,38,2
632,35,0
633,41,3
634,42,3
635,39,6
636,49,8
637,36,3
638,41,6
639,46,8
640,42,6
641,45,4
642,40,3
643,40,7
644,38,3
645,43,4
646,34,1
647,46,7
648,37,3
649,38,2
650,38,4
651,50,8
652,47,9
653,45,3
654,37,3
655,32,0
656,39,4
657,40,5
658,41,5
659,38,4
660,49,8
661,38,3
662,43,9
663,38,3
664,44,3
665,45,8
666,34,1
667,40,2
668,41,9
669,35,3
670,47,5
671,38,1
672,39,2
673,42,7
674,49,12
675,42,3
676,37,2
677,36,1
678,41,5
679,37,1
680,40,2
681,44,7
682,44,7
683,40,1
684,42,7
685,38,2
686,46,7
687,34,0
688,42,1
689,42,4
690,40,4
691,36,3
692,34,1
693,41,3
694,33,2
695,44,7
696,45,4
697,35,1
698,35,2
699,39,5
700,39,3
701,36,2
702,35,0
703,36,3
704,42,2
705,34,2
706,34,0
707,45,7
708,42,4
709,38,3
710,41,2
711,36,3
712,35,4
713,34,0
714,38,2
715,40,5
716,36,2
717,45,10
718,44,7
719,29,0
720,39,3
721,46,9
722,41,2
723,36,0
724,34,2
725,36,0
726,46,8
727,43,12
728,38,3
729,40,7
730,39,3
731,30,0
732,46,10
733,38,1
734,46,5
735,38,3
736,37,1
737,39,1
738,38,2
739,35,0
740,32,0
741,42,5
742,39,3
743,37,1
744,38,5
745,34,2
746,36,1
747,36,2
748,37,1
749,46,10
750,43,5
751,38,2
752,37,1
753,45,10
754,37,1
755,44,7
756,40,3
757,43,10
758,37,2
759,40,4
760,34,2
761,37,1
762,38,2
763,44,5
764,49,10
765,42,4
766,46,9
767,46,8
768,38,5
769,41,7
770,40,7
771,40,2
772,35,1
773,30,0
774,40,2
775,38,1
776,42,4
777,40,5
778,38,2
779,40,2
780,43,8
781,39,4
782,37,3
783,43,3
784,36,1
785,37,1
786,36,1
787,40,4
788,41,2
789,34,4
790,39,4
791,47,9
792,40,5
793,35,1
794,39,2
795,43,5
796,35,1
797,41,3
798,36,2
799,42,6
800,31,1
801,40,1
802,45,6
803,38,3
804,33,0
805,39,0
806,42,3
807,46,6
808,42,8
809,37,3
810,38,1
811,43,10
812,41,3
813,40,1
814,32,1
815,35,0
816,35,0
817,38,6
818,36,3
819,31,1
820,37,5
821,41,4
822,40,2
823,37,3
824,39,1
825,45,6
826,37,1
827,40,2
828,43,4
829,46,10
830,39,5
831,39,5
832,35,1
833,35,0
834,41,5
835,32,0
836,50,10
837,37,3
838,43,4
839,39,3
840,37,2
841,38,3
842,42,4
843,36,2
844,46,5
845,39,3
846,40,4
847,39,3
848,35,0
849,45,7
850,36,1
851,36,1
852,37,4
853,34,1
854,46,3
855,46,7
856,37,1
857,43,4
858,41,3
859,44,3
860,41,2
861,36,1
862,31,2
863,36,3
864,41,5
865,34,1
866,42,5
867,47,10
868,37,2
869,35,0
870,37,3
871,38,4
872,45,8
873,43,6
874,34,0
875,38,3
876,37,2
877,43,4
878,42,2
879,31,0
880,35,1
881,43,9
882,34,3
883,45,5
884,47,9
885,49,9
886,36,0
887,40,3
888,31,0
889,38,1
890,43,5
891,35,2
892,47,7
893,40,3
894,39,3
895,38,2
896,42,5
897,34,1
898,36,3
899,41,4
900,39,3
901,40,4
902,38,3
903,42,3
904,41,6
905,36,3
906,40,2
907,37,1
908,38,0
909,41,3
910,42,5
911,40,2
912,38,2
913,38,3
914,47,11
915,34,0
916,43,2
917,37,2
918,43,3
919,33,2
920,44,5
921,38,1
922,36,2
923,43,6
924,43,6
925,38,4
926,41,3
927,44,8
928,42,10
929,40,4
930,43,4
931,50,9
932,36,0
933,40,3
934,36,2
935,35,0
936,39,4
937,42,4
938,36,0
939,34,0
940,39,2
941,38,3
942,46,10
943,41,7
944,41,3
945,41,6
946,35,3
947,48,9
948,40,3
949,36,1
950,46,9
951,33,1
952,36,2
953,46,6
954,39,5
955,35,3
956,42,4
957,41,4
958,37,1
959,43,5
960,46,5
961,32,0
962,35,0
963,40,6
964,47,9
965,32,0
966,37,0
967,39,4
968,47,8
969,49,10
970,35,1
971,41,7
972,38,5
973,34,0
974,36,2
975,41,5
976,33,2
977,45,6
978,37,3
979,34,0
980,49,11
981,32,3
982,40,3
983,38,1
984,37,4
985,42,6
986,36,1
987,38,1
988,41,1
989,42,2
990,44,9
991,38,4
992,40,6
993,42,6
994,34,0
995,40,3
996,34,0
997,39,2
998,32,0
999,39,2
1000,37,0
