NUM,ATBAT,SCORE
1,39,3
2,49,9
3,39,5
4,34,0
5,43,7
6,44,9
7,38,4
8,37,4
9,41,5
10,43,7
11,39,8
12,43,7
13,39,4
14,35,3
15,41,10
16,41,2
17,34,2
18,32,1
19,38,1
20,35,1
21,41,9
22,39,5
23,41,7
24,39,5
25,45,7
26,41,2
27,44,5
28,47,10
29,39,2
30,44,7
31,37,2
32,36,3
33,43,6
34,39,5
35,43,7
36,44,8
37,42,5
38,45,7
39,38,4
40,41,7
41,39,4
42,52,16
43,35,0
44,41,2
45,46,4
46,45,8
47,51,9
48,44,14
49,44,7
50,33,2
51,49,11
52,47,14
53,43,6
54,48,11
55,33,1
56,41,8
57,42,6
58,41,4
59,37,1
60,37,4
61,44,6
62,44,8
63,34,4
64,38,4
65,43,9
66,37,6
67,47,8
68,37,1
69,48,9
70,38,7
71,43,1
72,36,1
73,41,2
74,49,8
75,39,7
76,50,12
77,47,11
78,43,12
79,45,5
80,42,8
81,40,5
82,48,16
83,43,8
84,31,1
85,42,9
86,44,5
87,39,1
88,30,0
89,43,3
90,44,10
91,42,6
92,33,0
93,36,0
94,37,0
95,45,6
96,43,5
97,44,5
98,34,0
99,31,1
100,43,4
101,39,2
102,46,9
103,39,5
104,39,6
105,39,4
106,52,12
107,45,5
108,41,8
109,40,4
110,44,6
111,46,13
112,43,2
113,41,3
114,44,7
115,34,0
116,44,9
117,42,7
118,45,9
119,44,9
120,41,5
121,40,5
122,41,5
123,39,4
124,43,5
125,44,9
126,42,6
127,41,3
128,43,9
129,50,10
130,31,0
131,33,0
132,37,1
133,47,11
134,46,9
135,46,9
136,44,10
137,40,6
138,41,5
139,46,4
140,36,2
141,38,4
142,39,4
143,43,8
144,37,2
145,41,8
146,45,9
147,43,4
148,39,1
149,40,5
150,40,7
151,37,5
152,35,2
153,37,6
154,38,4
155,39,5
156,39,3
157,50,13
158,36,1
159,45,8
160,48,8
161,37,3
162,44,6
163,37,3
164,39,3
165,46,6
166,38,4
167,39,2
168,45,4
169,39,3
170,40,5
171,45,8
172,45,5
173,39,7
174,33,0
175,35,2
176,41,7
177,39,4
178,50,7
179,41,3
180,48,12
181,45,7
182,47,11
183,38,0
184,48,10
185,39,2
186,42,6
187,43,5
188,47,4
189,40,3
190,31,0
191,47,7
192,47,10
193,44,5
194,44,6
195,43,6
196,33,1
197,42,7
198,49,11
199,35,1
200,39,3
201,39,2
202,39,8
203,44,9
204,39,2
205,37,2
206,42,3
207,39,2
208,39,5
209,39,1
210,40,6
211,51,12
212,45,5
213,47,4
214,43,7
215,34,3
216,42,8
217,43,7
218,36,2
219,39,3
220,52,11
221,40,2
222,40,4
223,44,9
224,34,0
225,36,1
226,37,2
227,38,2
228,35,2
229,33,4
230,37,6
231,34,3
232,40,4
233,41,3
234,37,3
235,46,9
236,46,4
237,41,5
238,38,5
239,45,6
240,45,8
241,41,5
242,45,9
243,44,9
244,49,12
245,41,6
246,52,12
247,50,13
248,44,3
249,43,3
250,32,1
251,40,6
252,43,7
253,33,1
254,46,6
255,39,3
256,46,7
257,47,4
258,40,5
259,37,1
260,41,4
261,37,3
262,37,3
263,41,4
264,50,12
265,46,6
266,58,18
267,41,4
268,38,3
269,41,9
270,45,6
271,40,8
272,49,14
273,38,5
274,37,1
275,38,4
276,44,12
277,38,3
278,37,0
279,46,6
280,42,3
281,43,4
282,41,6
283,38,5
284,40,4
285,47,6
286,43,5
287,38,1
288,38,6
289,44,8
290,47,7
291,41,6
292,39,1
293,37,2
294,45,10
295,37,6
296,42,4
297,33,0
298,45,12
299,49,6
300,50,16
301,39,4
302,45,13
303,37,3
304,43,9
305,39,4
306,47,7
307,39,3
308,42,5
309,37,3
310,35,1
311,48,12
312,41,1
313,41,8
314,45,5
315,37,3
316,41,6
317,37,5
318,42,6
319,43,10
320,48,7
321,45,9
322,48,10
323,43,6
324,35,0
325,34,2
326,39,5
327,47,5
328,41,7
329,39,5
330,42,3
331,47,4
332,49,10
333,39,4
334,37,3
335,40,1
336,45,3
337,40,4
338,36,3
339,44,5
340,37,2
341,45,8
342,38,3
343,44,12
344,38,2
345,45,5
346,39,5
347,43,5
348,44,5
349,43,3
350,36,4
351,42,5
352,45,10
353,45,5
354,48,12
355,38,4
356,32,1
357,48,5
358,39,1
359,38,5
360,43,4
361,47,8
362,45,10
363,53,17
364,37,1
365,42,5
366,46,4
367,38,3
368,36,0
369,45,8
370,40,5
371,49,12
372,36,2
373,48,8
374,50,12
375,45,9
376,40,3
377,37,4
378,49,10
379,36,1
380,32,4
381,40,4
382,39,4
383,39,3
384,46,10
385,44,3
386,42,6
387,38,4
388,43,7
389,42,4
390,44,8
391,54,11
392,46,4
393,46,6
394,36,0
395,41,2
396,40,5
397,41,3
398,42,3
399,46,10
400,46,7
401,36,4
402,39,7
403,42,10
404,37,2
405,38,5
406,39,5
407,46,9
408,37,4
409,40,5
410,46,12
411,39,6
412,40,2
413,44,6
414,48,10
415,42,7
416,43,4
417,41,4
418,55,12
419,35,4
420,45,6
421,43,5
422,39,4
423,40,5
424,37,6
425,42,4
426,34,0
427,56,17
428,46,7
429,35,4
430,40,6
431,34,0
432,46,4
433,39,5
434,40,5
435,37,2
436,44,7
437,41,2
438,40,6
439,41,4
440,46,14
441,44,7
442,44,10
443,29,0
444,40,6
445,32,0
446,34,2
447,43,8
448,40,3
449,34,2
450,44,10
451,38,4
452,39,0
453,44,2
454,46,6
455,41,4
456,35,2
457,45,7
458,46,6
459,37,4
460,36,0
461,39,3
462,43,7
463,40,1
464,37,4
465,38,3
466,41,4
467,40,3
468,37,1
469,34,1
470,40,4
471,33,1
472,36,3
473,32,1
474,36,1
475,39,6
476,37,1
477,53,15
478,39,1
479,46,7
480,55,16
481,42,6
482,31,1
483,37,2
484,42,3
485,41,4
486,44,4
487,37,2
488,35,1
489,39,1
490,36,0
491,34,1
492,41,5
493,42,7
494,41,0
495,41,5
496,34,0
497,42,4
498,35,3
499,33,3
500,39,2
501,43,3
502,43,8
503,35,3
504,39,3
505,46,12
506,42,8
507,46,8
508,40,4
509,44,5
510,42,3
511,50,13
512,40,7
513,45,11
514,36,2
515,37,4
516,50,10
517,45,9
518,39,7
519,39,1
520,42,8
521,40,0
522,40,5
523,43,4
524,42,4
525,46,6
526,44,7
527,48,11
528,46,8
529,37,5
530,35,0
531,37,3
532,44,5
533,39,4
534,34,1
535,36,4
536,38,2
537,42,6
538,36,3
539,34,0
540,42,6
541,40,3
542,42,8
543,42,7
544,40,2
545,38,0
546,46,7
547,44,10
548,39,3
549,36,3
550,44,6
551,54,15
552,43,7
553,39,5
554,40,5
555,43,6
556,35,3
557,58,18
558,45,8
559,41,5
560,42,3
561,40,6
562,40,5
563,47,4
564,35,1
565,38,5
566,33,2
567,45,8
568,44,9
569,41,5
570,48,11
571,38,4
572,44,7
573,39,0
574,38,4
575,36,1
576,42,6
577,40,4
578,42,10
579,37,3
580,33,1
581,40,5
582,34,4
583,47,8
584,35,2
585,41,4
586,38,1
587,38,5
588,44,4
589,45,8
590,41,7
591,42,6
592,35,1
593,45,7
594,37,1
595,41,4
596,39,1
597,41,0
598,45,10
599,38,2
600,43,4
601,48,6
602,44,3
603,52,14
604,46,8
605,45,7
606,38,3
607,37,1
608,50,7
609,45,9
610,32,1
611,56,16
612,38,7
613,50,12
614,41,6
615,32,0
616,47,11
617,36,1
618,49,9
619,38,3
620,41,4
621,35,2
622,38,0
623,51,7
624,34,2
625,39,5
626,38,4
627,42,4
628,39,5
629,51,12
630,43,9
631,43,8
632,44,5
633,40,3
634,42,4
635,39,1
636,34,4
637,41,5
638,46,3
639,31,0
640,45,8
641,31,1
642,39,3
643,41,3
644,39,3
645,38,3
646,37,4
647,43,5
648,35,1
649,40,7
650,36,2
651,44,7
652,52,12
653,43,6
654,41,5
655,36,2
656,37,3
657,37,2
658,49,13
659,39,2
660,46,5
661,43,6
662,43,4
663,42,7
664,45,6
665,36,2
666,50,15
667,41,5
668,47,8
669,38,7
670,37,2
671,44,13
672,31,1
673,44,11
674,36,2
675,38,1
676,43,5
677,42,7
678,39,4
679,36,1
680,44,4
681,46,9
682,49,9
683,44,6
684,42,4
685,38,6
686,38,4
687,45,11
688,43,4
689,38,7
690,36,4
691,40,4
692,42,2
693,39,6
694,48,9
695,38,4
696,44,6
697,39,1
698,38,5
699,38,2
700,37,3
701,35,0
702,37,2
703,41,4
704,40,7
705,44,6
706,38,4
707,34,1
708,35,0
709,48,9
710,39,5
711,42,6
712,42,8
713,39,1
714,39,6
715,47,11
716,45,6
717,46,8
718,42,5
719,42,5
720,45,5
721,39,5
722,40,5
723,46,2
724,36,3
725,38,3
726,42,5
727,38,1
728,34,1
729,41,7
730,36,1
731,48,7
732,47,12
733,36,1
734,42,5
735,39,2
736,36,1
737,42,3
738,41,7
739,45,9
740,34,2
741,38,5
742,39,1
743,41,2
744,44,5
745,44,5
746,38,5
747,35,1
748,46,8
749,40,6
750,42,5
751,43,6
752,46,6
753,37,1
754,37,2
755,30,0
756,36,1
757,33,2
758,45,13
759,45,9
760,38,2
761,43,5
762,43,3
763,42,8
764,40,6
765,47,8
766,42,6
767,42,5
768,38,5
769,36,2
770,48,11
771,39,3
772,34,3
773,42,7
774,47,8
775,41,6
776,42,5
777,43,11
778,43,5
779,39,3
780,45,8
781,46,8
782,41,4
783,37,5
784,47,6
785,49,11
786,42,7
787,48,9
788,43,6
789,36,1
790,36,0
791,40,3
792,38,5
793,50,10
794,37,2
795,39,5
796,42,2
797,43,4
798,33,1
799,47,7
800,42,5
801,32,0
802,38,3
803,35,2
804,39,2
805,42,7
806,41,6
807,37,3
808,49,11
809,45,4
810,41,6
811,35,1
812,49,6
813,47,12
814,42,6
815,48,12
816,40,7
817,38,4
818,37,1
819,39,6
820,42,9
821,38,6
822,44,5
823,41,8
824,36,3
825,41,3
826,36,1
827,39,2
828,39,0
829,39,4
830,35,0
831,44,10
832,43,6
833,37,2
834,38,8
835,41,5
836,38,5
837,45,8
838,39,4
839,42,10
840,37,1
841,36,2
842,40,7
843,41,10
844,46,7
845,45,8
846,53,14
847,43,8
848,36,1
849,35,1
850,40,9
851,46,8
852,40,4
853,37,3
854,56,20
855,55,18
856,42,7
857,34,0
858,48,5
859,39,0
860,45,8
861,45,7
862,33,0
863,39,8
864,37,3
865,47,11
866,52,10
867,41,4
868,47,6
869,43,10
870,44,7
871,38,0
872,39,5
873,38,3
874,33,0
875,52,13
876,39,6
877,42,4
878,49,10
879,33,3
880,37,3
881,42,7
882,35,0
883,37,1
884,44,5
885,49,13
886,41,4
887,49,11
888,39,6
889,41,5
890,44,6
891,44,5
892,45,6
893,42,3
894,34,2
895,35,0
896,42,5
897,36,5
898,43,8
899,42,3
900,43,6
901,38,1
902,49,12
903,34,1
904,42,5
905,37,2
906,45,8
907,44,9
908,43,9
909,37,3
910,40,1
911,43,3
912,40,6
913,34,2
914,48,10
915,33,2
916,43,5
917,51,12
918,43,9
919,53,14
920,46,7
921,45,9
922,39,7
923,31,0
924,42,10
925,37,3
926,46,5
927,47,8
928,42,4
929,32,1
930,44,8
931,41,6
932,41,3
933,43,10
934,39,4
935,40,4
936,35,1
937,33,1
938,38,1
939,43,3
940,43,8
941,41,2
942,42,7
943,42,6
944,39,6
945,39,7
946,37,3
947,43,9
948,42,9
949,49,9
950,40,3
951,41,6
952,40,5
953,46,10
954,46,6
955,49,12
956,40,4
957,42,9
958,41,5
959,42,7
960,37,3
961,37,3
962,45,7
963,44,7
964,37,3
965,39,1
966,42,2
967,29,0
968,39,5
969,45,5
970,44,11
971,37,5
972,37,5
973,35,2
974,35,1
975,40,4
976,44,9
977,38,2
978,41,2
979,36,3
980,45,8
981,40,2
982,51,16
983,42,4
984,38,2
985,44,9
986,44,7
987,43,9
988,40,5
989,43,4
990,43,7
991,44,11
992,42,4
993,41,6
994,42,4
995,38,5
996,35,2
997,40,5
998,37,0
999,47,6
1000,38,3
