NUM,ATBAT,SCORE
1,39,2
2,47,8
3,50,13
4,36,3
5,41,2
6,45,8
7,37,1
8,55,13
9,50,8
10,41,5
11,46,10
12,56,15
13,50,10
14,53,12
15,45,7
16,37,3
17,59,17
18,41,4
19,37,1
20,47,8
21,45,6
22,53,15
23,56,14
24,46,6
25,59,18
26,47,9
27,52,10
28,51,10
29,46,6
30,52,6
31,41,4
32,43,3
33,45,4
34,47,11
35,47,7
36,44,5
37,50,8
38,45,8
39,41,2
40,43,6
41,50,8
42,51,12
43,52,13
44,46,8
45,43,5
46,46,11
47,44,6
48,36,0
49,46,7
50,43,5
51,51,9
52,39,3
53,44,5
54,44,6
55,40,4
56,53,8
57,51,12
58,47,6
59,48,5
60,38,3
61,47,7
62,47,6
63,55,14
64,52,14
65,50,9
66,41,3
67,40,3
68,47,10
69,51,8
70,56,17
71,47,10
72,53,12
73,50,9
74,38,2
75,48,11
76,47,7
77,50,16
78,41,4
79,35,0
80,49,9
81,39,1
82,42,6
83,45,8
84,49,8
85,45,7
86,43,4
87,51,6
88,53,14
89,47,7
90,49,14
91,46,6
92,58,15
93,43,9
94,47,8
95,41,0
96,43,7
97,41,4
98,52,11
99,50,8
100,53,11
101,46,6
102,53,10
103,42,4
104,55,16
105,58,17
106,50,8
107,42,5
108,46,2
109,45,4
110,50,11
111,49,7
112,42,4
113,49,8
114,66,26
115,57,10
116,46,8
117,52,10
118,52,11
119,54,13
120,47,8
121,52,12
122,41,5
123,45,6
124,39,6
125,38,2
126,51,9
127,50,6
128,60,20
129,39,1
130,49,5
131,40,5
132,44,4
133,43,6
134,45,8
135,45,7
136,38,6
137,43,5
138,39,1
139,44,6
140,50,14
141,53,14
142,37,4
143,45,3
144,46,5
145,51,14
146,47,7
147,42,5
148,42,3
149,40,2
150,48,10
151,44,9
152,51,13
153,46,9
154,50,13
155,57,17
156,45,4
157,51,12
158,49,10
159,46,4
160,43,4
161,47,6
162,47,8
163,50,7
164,45,3
165,50,10
166,46,7
167,53,14
168,47,9
169,47,9
170,48,7
171,45,6
172,34,1
173,40,3
174,39,2
175,43,3
176,49,8
177,45,5
178,45,14
179,40,2
180,38,4
181,37,0
182,45,4
183,42,4
184,61,18
185,49,6
186,45,6
187,47,5
188,50,6
189,47,10
190,45,5
191,47,6
192,52,12
193,53,11
194,46,5
195,62,18
196,39,5
197,36,0
198,62,21
199,55,15
200,46,9
201,46,11
202,50,11
203,48,8
204,57,16
205,53,13
206,46,3
207,58,19
208,45,9
209,50,10
210,51,13
211,46,7
212,46,10
213,42,8
214,58,12
215,50,12
216,45,9
217,54,14
218,41,8
219,52,12
220,46,10
221,47,6
222,48,11
223,41,4
224,39,4
225,40,7
226,44,8
227,51,10
228,39,2
229,47,10
230,55,15
231,36,3
232,48,11
233,47,5
234,33,2
235,51,12
236,45,6
237,45,7
238,44,6
239,63,24
240,43,5
241,58,16
242,54,13
243,43,4
244,46,5
245,50,8
246,42,3
247,46,10
248,46,7
249,47,8
250,47,6
251,44,7
252,47,9
253,38,4
254,49,11
255,44,5
256,44,8
257,43,4
258,42,2
259,58,15
260,50,8
261,54,14
262,42,6
263,39,1
264,37,2
265,42,11
266,51,8
267,54,10
268,54,12
269,50,8
270,52,12
271,50,14
272,50,10
273,52,12
274,49,8
275,57,13
276,39,4
277,45,5
278,46,7
279,45,4
280,47,5
281,46,13
282,43,6
283,51,14
284,39,4
285,52,13
286,61,18
287,51,10
288,52,9
289,43,5
290,50,9
291,43,4
292,43,7
293,46,8
294,55,12
295,55,11
296,47,7
297,50,9
298,46,11
299,39,2
300,56,13
301,51,9
302,44,6
303,46,4
304,45,7
305,47,7
306,57,16
307,37,3
308,44,4
309,55,19
310,51,11
311,50,10
312,44,5
313,51,12
314,38,2
315,59,16
316,53,15
317,51,8
318,42,2
319,53,7
320,44,6
321,52,11
322,52,11
323,53,16
324,47,7
325,40,2
326,53,15
327,42,8
328,58,18
329,46,6
330,43,7
331,40,4
332,46,6
333,45,7
334,44,7
335,36,0
336,49,8
337,47,11
338,57,15
339,48,8
340,42,6
341,69,19
342,59,16
343,53,10
344,40,3
345,42,5
346,44,4
347,46,8
348,55,15
349,46,9
350,50,8
351,42,5
352,59,21
353,44,7
354,42,4
355,55,13
356,46,9
357,39,4
358,44,8
359,38,3
360,44,7
361,45,10
362,39,2
363,50,6
364,46,9
365,56,14
366,44,7
367,44,4
368,39,3
369,44,8
370,48,5
371,53,13
372,55,12
373,56,16
374,42,7
375,44,5
376,49,8
377,35,1
378,40,7
379,43,5
380,48,5
381,54,15
382,49,12
383,54,12
384,40,1
385,37,0
386,49,8
387,40,7
388,45,10
389,48,9
390,48,11
391,55,15
392,44,6
393,52,12
394,53,15
395,46,6
396,36,3
397,42,6
398,53,15
399,50,10
400,55,10
401,48,9
402,48,5
403,50,8
404,48,10
405,43,5
406,52,12
407,41,6
408,46,7
409,45,6
410,50,10
411,42,7
412,57,16
413,42,6
414,39,4
415,40,5
416,48,5
417,43,7
418,41,1
419,41,4
420,57,18
421,53,15
422,45,8
423,47,9
424,48,7
425,45,4
426,41,4
427,50,4
428,39,1
429,44,8
430,41,5
431,49,11
432,40,8
433,42,5
434,47,10
435,45,7
436,50,8
437,40,5
438,42,5
439,40,5
440,46,7
441,40,5
442,52,11
443,53,14
444,59,18
445,47,7
446,49,8
447,39,2
448,49,8
449,48,9
450,47,6
451,46,10
452,33,0
453,50,9
454,53,8
455,49,9
456,47,5
457,43,9
458,45,5
459,37,2
460,49,6
461,34,2
462,46,10
463,44,7
464,48,8
465,40,2
466,35,3
467,46,8
468,51,10
469,50,12
470,48,7
471,45,5
472,54,15
473,45,8
474,39,3
475,61,18
476,48,9
477,48,8
478,47,11
479,49,8
480,43,4
481,40,2
482,45,5
483,50,5
484,50,10
485,49,7
486,55,12
487,45,6
488,45,7
489,51,11
490,51,11
491,45,7
492,39,1
493,58,19
494,46,7
495,40,2
496,49,7
497,59,15
498,55,17
499,42,4
500,46,8
501,49,8
502,40,4
503,45,6
504,39,1
505,55,13
506,43,3
507,52,11
508,46,8
509,44,5
510,56,15
511,53,14
512,46,6
513,38,1
514,45,10
515,50,13
516,43,7
517,43,3
518,39,6
519,47,9
520,48,10
521,41,8
522,43,7
523,48,8
524,46,7
525,47,8
526,45,5
527,46,9
528,41,3
529,39,0
530,53,7
531,51,11
532,62,15
533,53,19
534,47,8
535,35,0
536,57,20
537,47,6
538,40,3
539,49,8
540,46,8
541,47,6
542,55,11
543,34,1
544,49,4
545,40,1
546,45,4
547,40,3
548,42,4
549,39,4
550,45,2
551,53,15
552,48,5
553,50,12
554,47,10
555,43,4
556,42,4
557,46,11
558,39,5
559,49,11
560,46,9
561,42,3
562,46,5
563,43,8
564,46,4
565,40,5
566,55,17
567,39,3
568,44,7
569,47,8
570,46,9
571,45,8
572,54,14
573,51,8
574,44,2
575,39,1
576,36,3
577,43,2
578,43,5
579,50,11
580,44,7
581,44,6
582,42,4
583,38,4
584,48,6
585,50,9
586,45,6
587,50,12
588,54,14
589,51,12
590,40,5
591,49,8
592,47,4
593,43,10
594,54,12
595,34,2
596,50,11
597,45,7
598,53,15
599,40,3
600,46,9
601,51,8
602,41,4
603,39,2
604,43,3
605,50,16
606,45,3
607,41,2
608,34,1
609,46,4
610,48,12
611,47,11
612,52,11
613,33,0
614,44,3
615,45,8
616,46,5
617,47,7
618,48,9
619,42,6
620,46,4
621,56,10
622,55,11
623,34,0
624,51,7
625,41,3
626,47,9
627,49,12
628,50,10
629,42,2
630,43,4
631,47,6
632,51,9
633,43,3
634,43,7
635,36,1
636,40,4
637,44,6
638,50,10
639,49,8
640,54,15
641,51,7
642,50,9
643,46,12
644,40,2
645,43,4
646,54,15
647,55,13
648,39,1
649,40,2
650,49,9
651,48,11
652,53,11
653,41,3
654,50,11
655,50,5
656,66,17
657,57,18
658,48,9
659,34,0
660,47,7
661,46,6
662,39,3
663,38,5
664,53,9
665,46,8
666,42,5
667,45,7
668,44,4
669,51,10
670,38,1
671,43,3
672,44,7
673,44,6
674,46,6
675,44,8
676,46,5
677,48,5
678,56,14
679,52,11
680,62,22
681,59,19
682,37,2
683,55,15
684,55,18
685,45,9
686,42,4
687,46,8
688,39,4
689,44,6
690,36,1
691,42,2
692,43,4
693,46,7
694,48,5
695,41,3
696,54,13
697,46,9
698,40,3
699,41,7
700,47,8
701,48,10
702,48,6
703,57,10
704,47,10
705,45,6
706,51,8
707,49,6
708,41,3
709,54,14
710,48,8
711,53,14
712,48,5
713,44,4
714,47,10
715,43,8
716,38,1
717,46,9
718,41,3
719,49,10
720,43,4
721,52,11
722,48,10
723,49,12
724,51,8
725,43,5
726,47,6
727,46,5
728,45,7
729,47,11
730,42,1
731,40,1
732,49,10
733,49,10
734,52,8
735,54,15
736,49,9
737,47,7
738,52,17
739,56,14
740,40,5
741,35,0
742,56,17
743,53,12
744,50,9
745,50,11
746,41,4
747,51,7
748,36,2
749,54,11
750,51,10
751,43,8
752,38,1
753,57,18
754,58,18
755,41,4
756,52,14
757,44,11
758,40,7
759,48,7
760,46,7
761,40,1
762,46,8
763,45,7
764,54,12
765,52,10
766,58,16
767,47,9
768,49,7
769,48,8
770,52,12
771,38,1
772,55,15
773,51,9
774,56,15
775,44,6
776,45,10
777,42,4
778,48,10
779,50,13
780,49,7
781,44,6
782,44,4
783,50,5
784,58,17
785,46,10
786,47,9
787,37,0
788,42,4
789,50,13
790,39,2
791,46,6
792,43,7
793,52,12
794,44,8
795,40,5
796,39,7
797,53,12
798,46,8
799,49,9
800,33,2
801,40,2
802,55,15
803,62,18
804,42,8
805,42,2
806,45,10
807,40,4
808,40,1
809,52,10
810,50,9
811,62,14
812,39,5
813,45,9
814,48,5
815,47,9
816,49,12
817,45,6
818,55,15
819,46,6
820,53,12
821,43,11
822,40,4
823,44,9
824,43,6
825,49,9
826,39,4
827,50,11
828,52,14
829,38,2
830,54,15
831,50,9
832,45,8
833,39,1
834,50,13
835,44,7
836,54,10
837,39,1
838,48,10
839,45,9
840,42,3
841,40,10
842,48,5
843,47,9
844,54,16
845,37,3
846,49,11
847,45,6
848,47,8
849,39,5
850,35,1
851,42,5
852,40,4
853,46,9
854,53,11
855,50,9
856,39,3
857,45,5
858,47,7
859,55,9
860,44,4
861,43,8
862,46,5
863,51,10
864,59,17
865,45,6
866,44,7
867,46,5
868,46,7
869,49,9
870,46,10
871,55,13
872,44,5
873,40,5
874,64,18
875,40,3
876,59,17
877,43,7
878,45,5
879,43,4
880,53,13
881,49,7
882,48,8
883,48,7
884,52,12
885,44,8
886,50,8
887,37,2
888,41,5
889,51,12
890,42,3
891,37,3
892,49,6
893,43,3
894,55,14
895,40,1
896,46,5
897,53,14
898,47,10
899,44,6
900,42,3
901,42,9
902,37,2
903,42,9
904,48,8
905,52,11
906,53,13
907,44,4
908,54,8
909,45,5
910,48,10
911,52,7
912,48,10
913,42,8
914,47,4
915,44,5
916,46,5
917,46,7
918,49,15
919,54,14
920,48,6
921,40,2
922,43,3
923,38,4
924,40,6
925,57,18
926,50,11
927,54,13
928,52,13
929,49,10
930,51,14
931,43,8
932,54,13
933,43,7
934,50,11
935,53,10
936,43,5
937,46,4
938,53,13
939,57,18
940,46,4
941,45,9
942,48,8
943,41,4
944,43,4
945,56,16
946,49,9
947,34,0
948,41,3
949,45,5
950,39,2
951,38,6
952,43,4
953,46,5
954,46,6
955,46,7
956,50,15
957,57,16
958,35,1
959,48,11
960,43,8
961,56,13
962,46,9
963,59,14
964,46,5
965,50,9
966,55,14
967,61,20
968,38,2
969,57,16
970,44,9
971,45,5
972,46,8
973,40,2
974,47,8
975,43,3
976,45,6
977,37,2
978,44,4
979,47,10
980,50,8
981,35,2
982,49,11
983,33,0
984,41,2
985,48,11
986,48,10
987,44,6
988,39,6
989,59,14
990,44,6
991,42,7
992,49,9
993,40,3
994,52,12
995,40,5
996,42,4
997,52,9
998,55,14
999,55,10
1000,46,4
