NUM,ATBAT,SCORE
1,46,7
2,39,3
3,39,5
4,44,4
5,45,4
6,47,8
7,47,9
8,43,7
9,47,8
10,39,2
11,38,2
12,41,3
13,48,10
14,34,1
15,58,17
16,45,7
17,44,6
18,41,6
19,37,4
20,38,4
21,40,6
22,42,8
23,39,6
24,40,6
25,40,2
26,45,9
27,42,4
28,44,5
29,41,7
30,37,1
31,38,5
32,47,8
33,39,1
34,49,8
35,42,4
36,40,6
37,39,1
38,37,0
39,56,13
40,40,5
41,40,6
42,49,10
43,36,0
44,35,1
45,35,0
46,41,7
47,41,6
48,37,3
49,43,7
50,42,4
51,40,7
52,39,2
53,30,0
54,49,16
55,45,8
56,38,2
57,47,7
58,39,6
59,38,2
60,41,7
61,52,11
62,37,6
63,35,2
64,38,2
65,40,4
66,39,3
67,43,8
68,34,3
69,37,3
70,39,0
71,38,4
72,50,14
73,38,4
74,38,2
75,42,8
76,37,1
77,50,10
78,35,1
79,35,0
80,35,3
81,49,10
82,43,2
83,47,11
84,45,11
85,40,6
86,40,2
87,34,1
88,55,16
89,35,6
90,43,8
91,40,4
92,47,10
93,36,2
94,41,1
95,43,5
96,40,6
97,47,6
98,47,11
99,40,7
100,45,11
101,55,16
102,46,10
103,36,3
104,47,10
105,48,8
106,42,4
107,35,2
108,36,1
109,42,8
110,40,4
111,34,1
112,46,8
113,48,15
114,42,4
115,42,8
116,41,8
117,44,9
118,35,3
119,46,10
120,41,7
121,36,6
122,44,5
123,45,7
124,40,4
125,38,2
126,47,7
127,46,9
128,45,8
129,42,2
130,42,9
131,44,5
132,40,3
133,41,5
134,42,4
135,35,2
136,40,6
137,39,4
138,45,9
139,50,10
140,37,3
141,46,7
142,43,6
143,37,2
144,37,5
145,44,10
146,42,3
147,41,4
148,49,11
149,34,3
150,42,7
151,43,4
152,47,13
153,46,10
154,38,1
155,40,5
156,38,4
157,50,10
158,42,5
159,46,7
160,45,6
161,41,3
162,43,5
163,38,7
164,47,8
165,39,4
166,44,7
167,46,10
168,41,3
169,37,1
170,35,2
171,41,4
172,44,7
173,41,5
174,41,5
175,44,7
176,42,8
177,36,4
178,45,12
179,33,0
180,40,5
181,48,8
182,41,4
183,45,9
184,46,10
185,45,10
186,48,10
187,48,11
188,40,4
189,41,3
190,45,10
191,47,6
192,39,6
193,40,5
194,39,2
195,44,8
196,51,11
197,41,2
198,42,3
199,36,2
200,41,4
201,49,9
202,36,4
203,39,5
204,40,2
205,42,4
206,49,11
207,45,6
208,42,10
209,47,3
210,40,3
211,33,2
212,49,9
213,40,5
214,36,2
215,48,10
216,41,7
217,47,10
218,45,8
219,39,6
220,40,1
221,36,1
222,40,6
223,43,6
224,44,5
225,38,2
226,41,5
227,43,7
228,36,4
229,41,0
230,37,1
231,43,7
232,36,4
233,41,2
234,45,9
235,51,14
236,38,1
237,38,1
238,37,2
239,35,0
240,41,5
241,38,2
242,46,6
243,38,3
244,48,8
245,40,5
246,53,18
247,45,6
248,42,8
249,45,8
250,44,5
251,57,17
252,39,6
253,37,2
254,43,4
255,38,7
256,38,4
257,35,5
258,43,1
259,45,7
260,44,7
261,45,9
262,43,7
263,40,4
264,51,15
265,42,7
266,42,6
267,40,7
268,39,1
269,47,8
270,44,6
271,42,7
272,49,8
273,41,1
274,42,7
275,34,2
276,41,3
277,39,5
278,37,0
279,43,6
280,43,10
281,46,11
282,33,3
283,41,9
284,43,6
285,48,9
286,34,0
287,42,6
288,43,8
289,36,7
290,50,11
291,47,12
292,37,3
293,52,12
294,43,6
295,43,5
296,41,4
297,44,8
298,43,4
299,41,8
300,42,5
301,36,2
302,46,9
303,40,6
304,47,9
305,43,3
306,40,6
307,43,3
308,53,17
309,43,7
310,45,7
311,47,7
312,45,8
313,38,6
314,49,14
315,41,5
316,39,3
317,45,5
318,47,9
319,46,6
320,37,0
321,42,8
322,53,9
323,43,9
324,44,6
325,37,4
326,49,7
327,52,6
328,56,20
329,39,7
330,46,8
331,35,2
332,50,15
333,40,2
334,36,4
335,40,7
336,44,7
337,37,5
338,42,7
339,42,4
340,43,5
341,39,8
342,45,7
343,45,9
344,44,7
345,45,9
346,42,6
347,42,7
348,46,12
349,51,15
350,37,1
351,48,10
352,48,13
353,42,5
354,37,1
355,43,7
356,34,3
357,51,10
358,36,1
359,36,1
360,40,1
361,41,5
362,38,2
363,42,5
364,46,6
365,35,0
366,40,4
367,46,5
368,44,5
369,51,12
370,37,5
371,53,15
372,46,8
373,38,4
374,45,5
375,51,9
376,47,6
377,33,2
378,31,0
379,39,3
380,44,7
381,42,3
382,38,4
383,53,8
384,38,4
385,37,3
386,37,3
387,46,11
388,38,2
389,39,3
390,43,9
391,46,9
392,41,8
393,39,2
394,41,6
395,39,4
396,38,0
397,43,10
398,40,3
399,35,1
400,34,2
401,42,6
402,46,7
403,37,4
404,50,9
405,39,7
406,43,6
407,42,4
408,38,1
409,44,6
410,47,4
411,40,4
412,49,10
413,39,2
414,48,6
415,44,10
416,40,5
417,47,10
418,35,3
419,45,5
420,39,3
421,36,4
422,54,18
423,43,5
424,43,5
425,37,3
426,39,4
427,45,8
428,45,7
429,53,10
430,38,6
431,45,8
432,50,14
433,43,5
434,48,9
435,46,8
436,41,9
437,35,0
438,43,7
439,45,8
440,39,3
441,37,2
442,43,4
443,49,9
444,39,3
445,42,7
446,32,1
447,43,4
448,39,2
449,39,5
450,36,2
451,39,3
452,41,6
453,38,2
454,47,10
455,40,4
456,45,8
457,46,6
458,50,12
459,41,5
460,42,5
461,34,4
462,33,2
463,45,6
464,44,5
465,42,3
466,44,6
467,46,11
468,37,4
469,31,0
470,46,13
471,42,6
472,46,9
473,37,3
474,44,11
475,40,3
476,44,5
477,40,2
478,40,4
479,38,0
480,47,6
481,44,9
482,43,9
483,37,3
484,53,15
485,40,7
486,42,4
487,34,0
488,54,9
489,45,7
490,37,2
491,43,4
492,42,3
493,43,9
494,43,5
495,39,3
496,45,12
497,42,5
498,35,2
499,36,0
500,38,3
501,46,11
502,44,9
503,38,2
504,41,3
505,39,6
506,41,6
507,37,0
508,48,12
509,45,6
510,37,4
511,49,12
512,44,7
513,36,2
514,45,6
515,36,2
516,45,5
517,38,3
518,48,8
519,43,11
520,37,3
521,53,15
522,30,0
523,42,5
524,35,0
525,36,2
526,36,2
527,43,5
528,45,9
529,40,4
530,41,9
531,37,3
532,41,2
533,44,6
534,56,14
535,41,5
536,36,3
537,37,3
538,40,6
539,48,10
540,38,3
541,36,4
542,39,3
543,43,5
544,34,3
545,39,2
546,33,0
547,41,9
548,45,5
549,42,5
550,42,1
551,39,3
552,49,10
553,35,3
554,44,7
555,40,4
556,38,3
557,38,3
558,39,4
559,40,2
560,44,5
561,50,8
562,51,12
563,42,4
564,41,4
565,38,8
566,42,6
567,55,13
568,52,13
569,48,9
570,45,8
571,44,5
572,49,8
573,44,7
574,38,0
575,49,9
576,49,11
577,44,4
578,37,4
579,52,13
580,52,15
581,39,4
582,42,7
583,43,6
584,35,2
585,38,2
586,33,0
587,49,9
588,43,10
589,41,6
590,40,8
591,41,7
592,42,6
593,39,0
594,41,3
595,45,9
596,38,6
597,37,3
598,39,3
599,43,10
600,45,7
601,48,10
602,43,10
603,38,7
604,38,3
605,43,4
606,39,4
607,41,5
608,43,5
609,48,9
610,35,2
611,36,5
612,42,6
613,40,4
614,47,7
615,44,4
616,38,6
617,53,13
618,41,7
619,40,5
620,37,4
621,45,6
622,42,7
623,40,4
624,39,4
625,46,8
626,40,4
627,35,4
628,38,2
629,44,7
630,35,5
631,38,7
632,38,4
633,41,6
634,42,4
635,39,2
636,42,4
637,40,4
638,36,1
639,40,3
640,44,6
641,36,0
642,41,4
643,38,5
644,41,5
645,34,4
646,34,3
647,37,2
648,32,0
649,40,6
650,49,9
651,39,4
652,39,1
653,40,4
654,43,7
655,40,4
656,42,7
657,42,3
658,45,6
659,37,4
660,47,6
661,42,2
662,42,6
663,54,18
664,37,6
665,42,6
666,44,4
667,39,0
668,46,5
669,33,2
670,49,10
671,40,2
672,43,2
673,50,9
674,42,4
675,42,7
676,48,10
677,46,11
678,41,2
679,37,2
680,45,7
681,38,4
682,44,4
683,48,7
684,41,7
685,40,5
686,42,3
687,45,7
688,40,4
689,44,4
690,40,1
691,42,6
692,44,9
693,47,7
694,42,4
695,33,0
696,36,4
697,39,2
698,36,1
699,39,5
700,32,1
701,40,2
702,45,8
703,42,6
704,43,7
705,43,4
706,36,2
707,36,1
708,42,10
709,38,4
710,43,5
711,47,7
712,52,11
713,44,7
714,43,5
715,50,13
716,40,4
717,40,7
718,43,6
719,44,4
720,43,8
721,37,2
722,35,3
723,47,9
724,48,12
725,42,11
726,41,4
727,51,11
728,44,9
729,38,4
730,47,7
731,41,8
732,48,11
733,51,11
734,43,4
735,48,10
736,48,9
737,45,7
738,44,7
739,42,7
740,42,6
741,41,2
742,42,5
743,46,10
744,41,4
745,42,8
746,39,5
747,39,3
748,37,5
749,39,2
750,39,2
751,30,0
752,39,5
753,45,9
754,39,5
755,37,4
756,43,8
757,34,0
758,36,4
759,47,12
760,38,0
761,45,6
762,42,11
763,39,3
764,38,0
765,51,17
766,44,8
767,40,5
768,53,15
769,47,10
770,38,1
771,37,3
772,48,5
773,43,6
774,38,4
775,42,7
776,42,6
777,42,3
778,46,5
779,42,5
780,43,3
781,53,14
782,43,8
783,39,4
784,43,6
785,39,10
786,40,5
787,43,5
788,40,4
789,42,6
790,39,5
791,37,3
792,36,2
793,41,8
794,44,7
795,41,4
796,54,14
797,42,3
798,37,0
799,46,7
800,36,4
801,37,1
802,37,3
803,41,3
804,47,12
805,34,3
806,40,9
807,41,2
808,51,11
809,43,2
810,46,2
811,35,1
812,42,5
813,36,1
814,39,5
815,39,6
816,42,3
817,39,3
818,39,1
819,37,1
820,44,7
821,40,3
822,35,5
823,47,4
824,38,1
825,45,10
826,48,6
827,45,6
828,43,7
829,40,0
830,46,10
831,35,0
832,48,12
833,51,10
834,43,4
835,42,4
836,43,6
837,44,9
838,48,13
839,41,1
840,38,5
841,38,3
842,44,6
843,41,3
844,41,4
845,39,3
846,41,2
847,32,1
848,38,1
849,43,5
850,33,0
851,44,4
852,43,7
853,40,4
854,41,8
855,46,9
856,41,7
857,42,7
858,47,7
859,46,8
860,45,6
861,39,2
862,49,6
863,51,16
864,46,9
865,41,5
866,37,0
867,52,14
868,49,11
869,41,8
870,41,6
871,40,7
872,48,11
873,40,5
874,42,5
875,34,1
876,39,5
877,42,5
878,37,2
879,42,10
880,42,6
881,44,7
882,44,4
883,41,8
884,62,20
885,38,3
886,44,9
887,58,16
888,43,6
889,43,7
890,45,6
891,42,4
892,47,16
893,43,9
894,44,7
895,43,9
896,41,1
897,45,9
898,42,4
899,36,4
900,42,8
901,41,6
902,48,14
903,36,4
904,37,0
905,38,2
906,39,5
907,44,10
908,39,3
909,43,6
910,46,7
911,40,2
912,43,9
913,38,6
914,38,2
915,42,3
916,46,10
917,36,2
918,42,5
919,40,2
920,45,8
921,41,5
922,40,5
923,37,5
924,48,9
925,50,11
926,41,7
927,34,3
928,46,9
929,41,8
930,34,0
931,43,5
932,40,5
933,48,5
934,43,8
935,44,5
936,48,7
937,39,3
938,36,3
939,42,6
940,41,2
941,38,3
942,53,12
943,42,4
944,40,5
945,34,5
946,42,10
947,45,7
948,41,3
949,39,4
950,43,4
951,32,1
952,42,8
953,37,1
954,44,5
955,36,5
956,47,7
957,39,0
958,43,8
959,48,11
960,35,3
961,39,8
962,32,0
963,39,3
964,46,13
965,43,6
966,38,4
967,42,4
968,51,13
969,37,3
970,39,5
971,36,5
972,36,2
973,41,6
974,48,9
975,45,4
976,48,10
977,35,0
978,41,4
979,41,3
980,35,2
981,41,5
982,35,2
983,37,4
984,52,12
985,43,5
986,33,0
987,35,0
988,47,12
989,46,9
990,35,1
991,42,7
992,34,4
993,43,7
994,49,14
995,38,3
996,39,2
997,38,5
998,38,6
999,34,2
1000,43,6
